0.648281 0.398425 0.386982 0.685492 0.813398 0.891256 0.803297 0.502821 0.393589 0.130308 0.757544 0.844896
0.414606 0.185202 0.580692 0.264469 0.165336 0.410280 0.074631 0.998769 0.709117 0.603489 0.936071 0.957877
0.581187 0.170026 0.296536 0.883315 0.425426 0.704588 0.663158 0.024393 0.997986 0.104168 0.814335 0.304793
0.542965 0.373201 0.355028 0.653414 0.629087 0.067948 0.440583 0.771715 0.971230 0.755854 0.255859 0.233000
0.505698 0.188227 0.228252 0.664059 0.610453 0.388265 0.774650 0.992130 0.531293 0.276509 0.906174 0.818921
0.475165 0.970879 0.780911 0.779697 0.056872 0.781209 0.565592 0.736311 0.034783 0.862109 0.505379 0.151515
0.885514 0.393731 0.926504 0.061854 0.142094 0.904640 0.417723 0.964241 0.525171 0.576199 0.137805 0.055100
0.578263 0.319306 0.359160 0.823190 0.579272 0.634950 0.555801 0.747232 0.037340 0.976942 0.342055 0.850100
0.708640 0.064130 0.002129 0.301163 0.793886 0.052216 0.325777 0.703898 0.518840 0.388766 0.713554 0.979419
0.120720 0.034387 0.572210 0.119844 0.501922 0.244649 0.125281 0.834352 0.892781 0.513470 0.827701 0.817064
0.115368 0.717598 0.032338 0.417598 0.932571 0.855828 0.651393 0.608928 0.986820 0.299173 0.157863 0.544338
0.656710 0.782179 0.493151 0.340254 0.792376 0.281956 0.895343 0.860226 0.105300 0.675220 0.681475 0.251336
0.902624 0.031401 0.166472 0.342276 0.385559 0.256370 0.899097 0.350184 0.215830 0.611821 0.155326 0.672668
0.959372 0.692013 0.187900 0.283046 0.784334 0.322516 0.062360 0.914074 0.748734 0.001593 0.114769 0.199161
0.959181 0.348024 0.532739 0.674585 0.229500 0.693276 0.344341 0.295157 0.013922 0.120792 0.543538 0.667561
0.278880 0.951974 0.273962 0.686924 0.597061 0.231485 0.727149 0.952499 0.602304 0.607935 0.841119 0.103007
0.417876 0.205808 0.223704 0.344709 0.110990 0.584094 0.034895 0.476634 0.950162 0.431714 0.168170 0.973287
0.638541 0.714552 0.941757 0.281672 0.012965 0.807011 0.674973 0.837766 0.825557 0.493219 0.697943 0.652993
0.609981 0.693976 0.913583 0.514012 0.688116 0.106930 0.933562 0.798255 0.588725 0.623474 0.471696 0.906128
0.406878 0.951076 0.757266 0.112467 0.102448 0.689110 0.590620 0.260764 0.823821 0.595375 0.754233 0.972492
0.575748 0.222009 0.179737 0.956689 0.376573 0.697635 0.503810 0.268979 0.800404 0.984521 0.677124 0.427863
0.753199 0.357868 0.233861 0.859827 0.802431 0.305235 0.677967 0.394251 0.295655 0.054694 0.262310 0.505076
0.678243 0.866520 0.220488 0.712994 0.109710 0.013501 0.801464 0.198600 0.963292 0.299464 0.675610 0.476748
0.145883 0.328208 0.855324 0.245138 0.601976 0.381131 0.241507 0.546238 0.765812 0.776796 0.149301 0.685281
0.515249 0.344005 0.519038 0.227375 0.335904 0.454356 0.701183 0.177322 0.908244 0.823708 0.380461 0.516318
0.486741 0.481273 0.288350 0.191285 0.222788 0.711165 0.824893 0.866689 0.006849 0.875138 0.829577 0.750471
0.501058 0.355808 0.712608 0.208497 0.379352 0.704204 0.932241 0.202079 0.991829 0.107040 0.025673 0.228740
0.380382 0.707928 0.211252 0.110318 0.006415 0.129718 0.629939 0.135915 0.518620 0.763403 0.156554 0.287970
0.644189 0.411956 0.623135 0.609337 0.794816 0.533528 0.596847 0.796366 0.139903 0.247873 0.641591 0.064609
0.633061 0.510229 0.478684 0.642271 0.261632 0.252393 0.635828 0.811538 0.284855 0.626732 0.769598 0.259757
0.561973 0.289770 0.163600 0.589704 0.131774 0.805906 0.959631 0.102144 0.811259 0.547501 0.810463 0.068478
0.124045 0.624249 0.894694 0.342703 0.492709 0.982269 0.512851 0.313662 0.746697 0.783191 0.181087 0.597156
0.766761 0.267582 0.102715 0.303530 0.384709 0.396478 0.035085 0.728172 0.481379 0.448272 0.526757 0.496843
0.044381 0.523343 0.406693 0.284707 0.883466 0.464532 0.637532 0.508521 0.648444 0.755031 0.917271 0.266060
0.117295 0.159725 0.136915 0.293193 0.505059 0.159695 0.258597 0.845165 0.169922 0.774687 0.941806 0.338913
0.234989 0.396486 0.941493 0.407334 0.736359 0.929664 0.326747 0.837370 0.874298 0.634880 0.192322 0.213276
0.837778 0.339849 0.005560 0.292391 0.129108 0.723659 0.838754 0.807220 0.914386 0.957181 0.596871 0.855392
0.915343 0.849488 0.206024 0.970841 0.808363 0.079596 0.496267 0.958991 0.879713 0.709210 0.788900 0.492025
0.613234 0.373729 0.648125 0.768320 0.401189 0.465342 0.884634 0.594578 0.093579 0.350114 0.673651 0.885252
0.373332 0.703981 0.124776 0.133985 0.092816 0.537350 0.972807 0.065007 0.166133 0.767720 0.239496 0.685042
0.636190 0.586923 0.092257 0.636945 0.574893 0.913543 0.952678 0.593038 0.114969 0.719247 0.954174 0.810004
0.829663 0.769914 0.049900 0.184200 0.222169 0.437811 0.652760 0.774562 0.319936 0.810855 0.677069 0.502248
0.322176 0.976825 0.182826 0.089727 0.382116 0.416899 0.136234 0.839755 0.514061 0.890452 0.251221 0.716318
0.368579 0.144506 0.924426 0.356075 0.486423 0.340503 0.486847 0.195248 0.401115 0.977707 0.181896 0.062857
0.713520 0.241423 0.561384 0.490597 0.460187 0.301713 0.556791 0.513009 0.061326 0.847025 0.550872 0.630497
0.810879 0.245249 0.459832 0.531616 0.212663 0.043228 0.500054 0.421354 0.142849 0.013689 0.128115 0.988745
0.519916 0.674582 0.242571 0.313805 0.992662 0.469653 0.640266 0.896596 0.558626 0.056600 0.306925 0.460604
0.657425 0.409078 0.048974 0.494614 0.543785 0.399661 0.709990 0.464450 0.095831 0.760976 0.630495 0.914578
0.183925 0.520679 0.380681 0.200595 0.602340 0.140437 0.981615 0.533499 0.234243 0.598940 0.013832 0.324206
0.190639 0.563001 0.282354 0.606770 0.987158 0.314516 0.132306 0.031248 0.889783 0.685997 0.458214 0.002779
0.513551 0.184023 0.311467 0.640238 0.350211 0.253415 0.298064 0.625920 0.489258 0.443919 0.346477 0.595043
0.493091 0.500787 0.000187 0.265750 0.498592 0.845190 0.714557 0.157689 0.071910 0.021377 0.788830 0.985444
0.652040 0.775337 0.407174 0.650443 0.173959 0.190816 0.389267 0.167183 0.734517 0.836594 0.230507 0.632902
0.802026 0.460583 0.707291 0.702095 0.223115 0.924820 0.843969 0.357446 0.031750 0.547306 0.954912 0.685229
0.853710 0.857342 0.127685 0.648145 0.274230 0.079521 0.868322 0.645838 0.529849 0.758197 0.037769 0.507113
0.547175 0.834675 0.299328 0.043612 0.423084 0.787415 0.783217 0.126387 0.908472 0.772321 0.374111 0.121506
0.345322 0.019765 0.354344 0.054192 0.098752 0.277746 0.672119 0.836714 0.471446 0.145471 0.094031 0.189217
0.266306 0.148121 0.440292 0.406006 0.367624 0.018496 0.011708 0.200191 0.739455 0.347135 0.407713 0.038291
0.697013 0.594797 0.298686 0.384624 0.838015 0.235824 0.696758 0.094823 0.770724 0.276083 0.864116 0.926923
0.267622 0.710841 0.241684 0.402020 0.758281 0.342356 0.401983 0.104569 0.171746 0.384401 0.756456 0.141413
0.954523 0.963855 0.160671 0.717102 0.274175 0.162113 0.701653 0.530888 0.325517 0.034807 0.753910 0.756729
0.266814 0.841127 0.864905 0.091651 0.295959 0.909337 0.198163 0.702745 0.118210 0.083087 0.962635 0.933001
0.262367 0.479719 0.660963 0.330250 0.133866 0.618617 0.912189 0.932294 0.695689 0.145772 0.485962 0.296127
0.624667 0.534891 0.362675 0.274949 0.872466 0.309061 0.778622 0.481219 0.345317 0.242464 0.202322 0.788128
0.556787 0.300742 0.748934 0.809363 0.506020 0.729683 0.002934 0.038042 0.474121 0.756638 0.859442 0.147187
0.865873 0.443622 0.179775 0.536996 0.196909 0.934544 0.150774 0.992968 0.246992 0.654322 0.846196 0.065472
0.908489 0.821595 0.038302 0.205884 0.072885 0.653939 0.490214 0.339634 0.177130 0.141296 0.191969 0.971525
0.283263 0.963305 0.982415 0.953678 0.384786 0.318541 0.979106 0.157588 0.516168 0.355733 0.524753 0.166532
0.437832 0.128043 0.984656 0.603417 0.317137 0.524702 0.415470 0.513578 0.171045 0.962161 0.109255 0.611325
0.525743 0.880360 0.299209 0.151223 0.789733 0.533501 0.251908 0.038703 0.191758 0.122142 0.962662 0.773116
0.131350 0.708430 0.882352 0.153508 0.079723 0.807203 0.947822 0.832602 0.531475 0.683644 0.578775 0.977251
0.868897 0.164964 0.588587 0.089685 0.872338 0.195370 0.782840 0.004639 0.562675 0.951582 0.527784 0.106716
0.755288 0.561340 0.232766 0.208398 0.708019 0.246751 0.221793 0.693716 0.608407 0.169837 0.550150 0.841780
0.741121 0.037665 0.297731 0.399753 0.733945 0.029510 0.342375 0.251630 0.142056 0.791155 0.110518 0.779139
0.319536 0.173256 0.102434 0.900216 0.120377 0.348370 0.270664 0.109380 0.918166 0.138902 0.815269 0.514672
0.312261 0.213489 0.599823 0.050920 0.013336 0.390828 0.416662 0.386923 0.639537 0.467595 0.252647 0.868010
0.184917 0.640982 0.035057 0.158998 0.215459 0.208995 0.117002 0.984704 0.948953 0.813939 0.823124 0.535880
0.144060 0.453166 0.089883 0.377807 0.044465 0.632091 0.517028 0.852998 0.841165 0.802061 0.045609 0.737238
0.234540 0.333455 0.182289 0.073415 0.238374 0.611872 0.191561 0.644318 0.462455 0.748429 0.982863 0.136367
0.654455 0.651600 0.848719 0.035742 0.029014 0.752544 0.357027 0.025674 0.469469 0.593649 0.440385 0.263138
0.667400 0.263498 0.607006 0.535814 0.248095 0.269524 0.828201 0.556406 0.512478 0.448665 0.165852 0.775659
0.607092 0.555201 0.247214 0.777052 0.919404 0.989742 0.442186 0.019441 0.596947 0.915699 0.495353 0.285292
0.430846 0.460715 0.877495 0.505147 0.282114 0.023541 0.288370 0.678382 0.641693 0.280286 0.290619 0.792604
0.753074 0.694215 0.360180 0.429850 0.861231 0.539442 0.468278 0.200485 0.564358 0.346469 0.201775 0.371127
0.674032 0.508700 0.274607 0.943638 0.111872 0.157293 0.003856 0.093608 0.985986 0.415754 0.778220 0.400982
0.060155 0.757890 0.385101 0.057231 0.267338 0.460753 0.228089 0.535245 0.431924 0.744355 0.255988 0.944665
0.634447 0.770961 0.579633 0.853997 0.473317 0.035276 0.302655 0.372273 0.454723 0.233381 0.449027 0.618037
0.365374 0.125290 0.719908 0.054303 0.192561 0.059486 0.305232 0.333845 0.880089 0.678239 0.655096 0.291161
0.463633 0.080601 0.767028 0.055963 0.664263 0.770268 0.899878 0.915897 0.420896 0.163710 0.565034 0.290242
0.659411 0.233097 0.718765 0.437531 0.636617 0.394354 0.398713 0.325882 0.185335 0.165469 0.134417 0.545837
0.758469 0.009103 0.374210 0.364501 0.826574 0.621070 0.125370 0.380396 0.121774 0.187416 0.053753 0.527759
0.970739 0.115072 0.055975 0.666465 0.554856 0.567435 0.108537 0.274071 0.760747 0.556710 0.896580 0.683179
0.214711 0.381016 0.244995 0.233401 0.076940 0.806739 0.033078 0.714341 0.709706 0.948905 0.486940 0.590834
0.043902 0.787417 0.522003 0.787746 0.661093 0.410750 0.829415 0.176022 0.172735 0.825880 0.704663 0.501468
0.549825 0.161605 0.494374 0.198096 0.172050 0.668917 0.050655 0.210413 0.680013 0.096054 0.690904 0.837942
0.787577 0.140913 0.366649 0.599135 0.948853 0.127441 0.652820 0.647439 0.858780 0.972553 0.131647 0.581987
0.602767 0.425239 0.041421 0.433361 0.229020 0.180229 0.350900 0.749192 0.377601 0.130251 0.790563 0.369186
0.371444 0.307956 0.374363 0.854904 0.295576 0.638338 0.952385 0.131204 0.783966 0.585768 0.645916 0.108390
0.565250 0.986725 0.793198 0.838846 0.689395 0.816494 0.112104 0.221875 0.301438 0.621254 0.546718 0.710860
0.066527 0.742746 0.451808 0.517967 0.631384 0.710340 0.506266 0.092213 0.683716 0.381815 0.787978 0.289355
0.488442 0.669774 0.508701 0.408941 0.740802 0.924578 0.351136 0.420080 0.834776 0.938333 0.839820 0.879150
0.392476 0.691125 0.380657 0.792507 0.209630 0.634143 0.903763 0.107593 0.912737 0.648177 0.580380 0.448433
0.304050 0.805990 0.318921 0.411934 0.354811 0.349444 0.157037 0.078621 0.531459 0.550672 0.316255 0.577183
0.995838 0.467394 0.648293 0.652380 0.353054 0.604276 0.358836 0.903796 0.718239 0.204951 0.463859 0.636417
0.372473 0.361250 0.014885 0.368963 0.644059 0.322314 0.065083 0.737368 0.671564 0.835265 0.053517 0.789832
0.468323 0.877289 0.392949 0.497370 0.406529 0.914385 0.617826 0.544325 0.369424 0.666262 0.026643 0.904715
0.611408 0.056583 0.204592 0.466845 0.143612 0.741807 0.965373 0.182440 0.009165 0.874247 0.232510 0.718574
0.798665 0.936566 0.199709 0.915790 0.788640 0.203109 0.320682 0.464114 0.176011 0.134389 0.029245 0.984576
0.931170 0.874129 0.893216 0.889568 0.931662 0.184958 0.527526 0.192282 0.319684 0.609299 0.462326 0.650606
0.604461 0.791769 0.540001 0.532245 0.740707 0.096341 0.972723 0.591928 0.594985 0.714040 0.826439 0.593297
0.985665 0.236726 0.768498 0.334422 0.966596 0.509923 0.152985 0.527561 0.129657 0.444555 0.509936 0.169467
0.588188 0.750323 0.480920 0.596285 0.638535 0.657897 0.161750 0.330865 0.596408 0.588858 0.412785 0.803924
0.602069 0.818707 0.075801 0.238074 0.621827 0.974380 0.088743 0.254475 0.615199 0.618939 0.512375 0.609115
0.725358 0.000807 0.715321 0.617717 0.428891 0.110054 0.396109 0.395624 0.078778 0.246940 0.235583 0.302029
0.500157 0.830368 0.690315 0.006641 0.271395 0.728991 0.718452 0.408807 0.293691 0.406632 0.656810 0.153290
0.257486 0.804027 0.606774 0.332968 0.198979 0.693017 0.127963 0.810482 0.632954 0.392154 0.248712 0.150498
0.317927 0.392509 0.927122 0.592655 0.279291 0.177213 0.397714 0.980224 0.553934 0.385653 0.370291 0.267013
0.973284 0.146141 0.398854 0.895635 0.379733 0.804380 0.542467 0.455271 0.992668 0.362618 0.479018 0.953089
0.676309 0.844014 0.155502 0.726333 0.371400 0.700810 0.069154 0.683927 0.430609 0.574644 0.903216 0.126341
0.475711 0.875138 0.419571 0.750158 0.789860 0.559519 0.890258 0.173869 0.391886 0.730131 0.810186 0.683458
0.957432 0.700719 0.142462 0.697866 0.012016 0.078651 0.804359 0.235775 0.339669 0.763601 0.363537 0.561895
0.972659 0.470648 0.405140 0.737636 0.563605 0.627005 0.267328 0.413992 0.739112 0.215526 0.801741 0.228374
0.863932 0.150067 0.816248 0.072742 0.692954 0.213737 0.946083 0.929790 0.641625 0.739478 0.445728 0.742516
0.195264 0.789332 0.773642 0.822276 0.976127 0.767668 0.785384 0.104036 0.618051 0.610201 0.237609 0.018201
0.671064 0.768166 0.997598 0.519501 0.835425 0.018305 0.516551 0.623472 0.890442 0.984531 0.177482 0.723475
0.637359 0.687542 0.121636 0.916134 0.884223 0.966488 0.152975 0.026101 0.692726 0.419078 0.769037 0.027431
0.613133 0.379038 0.073653 0.159354 0.255661 0.416609 0.154093 0.787103 0.891399 0.554763 0.327926 0.560256
0.243059 0.101964 0.367898 0.897446 0.800812 0.042550 0.292414 0.669378 0.202492 0.006816 0.083533 0.885999
0.466096 0.849087 0.943584 0.547016 0.304565 0.132574 0.940341 0.092742 0.950845 0.637992 0.493476 0.492335
0.638112 0.804903 0.665793 0.218062 0.381266 0.106880 0.399657 0.638460 0.880982 0.515303 0.941931 0.594554
0.856090 0.588169 0.854104 0.682595 0.436104 0.434852 0.582751 0.466855 0.926551 0.016245 0.704328 0.243912
0.547848 0.149442 0.047633 0.381380 0.566564 0.821723 0.149066 0.084744 0.730790 0.600823 0.947111 0.463712
0.974336 0.742713 0.473318 0.135359 0.898878 0.922332 0.067882 0.328842 0.841204 0.159132 0.124903 0.589407
0.557805 0.895644 0.961894 0.067606 0.557214 0.065187 0.638552 0.145473 0.815398 0.520534 0.606186 0.578454
0.033860 0.770365 0.125324 0.707886 0.672171 0.954219 0.741229 0.876238 0.338127 0.028686 0.221639 0.054167
0.249801 0.010280 0.157172 0.670503 0.500092 0.891609 0.668369 0.175497 0.420478 0.277031 0.655731 0.305091
0.807396 0.912638 0.308769 0.648197 0.196408 0.391201 0.178129 0.239299 0.440367 0.066805 0.242954 0.478129
0.562490 0.320642 0.164401 0.307489 0.784678 0.084577 0.185799 0.230973 0.093413 0.482168 0.852882 0.203228
0.911982 0.000434 0.019640 0.803849 0.340390 0.743020 0.805891 0.257958 0.929635 0.785638 0.464376 0.810227
0.639030 0.779476 0.014688 0.964054 0.563711 0.282363 0.254397 0.333507 0.553983 0.642488 0.631409 0.075896
0.992939 0.327947 0.993162 0.774680 0.400598 0.456897 0.579567 0.983560 0.621123 0.736197 0.180018 0.186970
0.378236 0.538413 0.987645 0.196103 0.685892 0.705722 0.456306 0.495635 0.648593 0.045838 0.825760 0.518920
0.095569 0.073956 0.691518 0.617880 0.569983 0.192502 0.204694 0.258450 0.178264 0.141267 0.769591 0.614080
0.612562 0.690331 0.566464 0.303346 0.339499 0.783737 0.335644 0.055206 0.238431 0.955598 0.993822 0.896323
0.402103 0.380002 0.417422 0.481512 0.044833 0.298270 0.877761 0.156704 0.412963 0.479823 0.008500 0.981771
0.500236 0.566810 0.266458 0.742090 0.829802 0.712883 0.674476 0.832717 0.505188 0.760936 0.559642 0.155995
0.016907 0.900127 0.488658 0.289343 0.535910 0.024018 0.732971 0.715929 0.312068 0.796102 0.816285 0.073184
0.618772 0.541288 0.954450 0.553453 0.842315 0.177712 0.595470 0.929578 0.465466 0.367734 0.930333 0.118725
0.696501 0.740541 0.138405 0.579314 0.463263 0.647101 0.806991 0.083281 0.993191 0.525141 0.012267 0.525204
0.880756 0.830839 0.650002 0.618819 0.942166 0.962337 0.766884 0.987608 0.707122 0.463177 0.812697 0.689652
0.002771 0.597581 0.858295 0.298011 0.101107 0.373917 0.723511 0.761812 0.102227 0.701146 0.058509 0.022233
0.565942 0.827859 0.419381 0.058071 0.314941 0.179529 0.811375 0.293329 0.159318 0.943428 0.234138 0.736130
0.489904 0.928237 0.472764 0.501611 0.765631 0.843951 0.236709 0.843759 0.156188 0.287266 0.074796 0.922682
0.849447 0.769629 0.960928 0.420522 0.505164 0.706606 0.375470 0.103723 0.658137 0.595972 0.404252 0.985109
0.116484 0.773670 0.331277 0.682895 0.727019 0.409901 0.790643 0.974674 0.358656 0.073664 0.569542 0.409710
0.122932 0.216364 0.706756 0.421806 0.187330 0.579323 0.047278 0.896637 0.934547 0.324626 0.166937 0.739102
0.352602 0.347458 0.114510 0.614158 0.372998 0.729399 0.131970 0.922514 0.201595 0.558921 0.154334 0.487842
0.643078 0.234083 0.678012 0.643962 0.993700 0.754385 0.226966 0.915287 0.255709 0.717413 0.745882 0.217663
0.537437 0.843795 0.906291 0.036286 0.152477 0.130727 0.373199 0.400114 0.072049 0.963703 0.184318 0.703321
0.146022 0.073076 0.582145 0.197458 0.739539 0.384633 0.043747 0.409574 0.739931 0.307401 0.005739 0.712515
0.698479 0.699527 0.923197 0.410841 0.167066 0.878322 0.408072 0.044784 0.734733 0.827546 0.037511 0.773960
0.802066 0.244485 0.452054 0.634205 0.785142 0.267899 0.655789 0.934164 0.119714 0.068525 0.764871 0.288815
0.415026 0.842927 0.428801 0.330843 0.444706 0.850776 0.762529 0.369078 0.384688 0.538251 0.661933 0.074063
0.625667 0.436249 0.302758 0.191390 0.780586 0.577697 0.995364 0.624437 0.978952 0.115414 0.726409 0.148961
0.321177 0.161220 0.463849 0.880516 0.809514 0.852552 0.604819 0.748655 0.704682 0.448614 0.268268 0.905329
0.651089 0.474746 0.317501 0.678304 0.325217 0.350968 0.885150 0.461294 0.672711 0.317977 0.808138 0.464778
0.599566 0.146141 0.758649 0.927730 0.458859 0.308209 0.577616 0.078233 0.253458 0.166867 0.686359 0.081646
0.510353 0.120964 0.968299 0.831205 0.185241 0.575535 0.578077 0.100564 0.153215 0.817728 0.957272 0.538127
0.082706 0.392524 0.886686 0.276171 0.089007 0.821993 0.105594 0.574377 0.717502 0.423337 0.346139 0.469063
0.682620 0.615286 0.708989 0.995995 0.771001 0.520582 0.147318 0.186017 0.865801 0.338780 0.017764 0.642916
0.398441 0.452445 0.900872 0.184097 0.121630 0.710465 0.979131 0.445057 0.151542 0.757776 0.563936 0.208559
0.573439 0.963481 0.998006 0.628112 0.526322 0.589804 0.166451 0.335507 0.512408 0.890281 0.497734 0.542016
0.059099 0.878154 0.738719 0.130146 0.633425 0.700045 0.482711 0.689997 0.531675 0.026819 0.303661 0.037345
0.378267 0.003307 0.248195 0.447823 0.839998 0.896248 0.514194 0.440837 0.338621 0.723479 0.596559 0.670395
0.591718 0.649426 0.066619 0.212251 0.818146 0.317771 0.518811 0.674036 0.692436 0.416636 0.978549 0.486695
0.104429 0.855228 0.737652 0.602764 0.340404 0.944436 0.059666 0.131323 0.523578 0.434659 0.121647 0.785842
0.599731 0.973766 0.109918 0.602773 0.378891 0.440533 0.331077 0.188213 0.530151 0.943246 0.551094 0.918019
0.960667 0.534307 0.498439 0.450187 0.240062 0.639840 0.603451 0.545324 0.572455 0.265385 0.003079 0.758926
0.935457 0.571957 0.157333 0.369062 0.493437 0.029088 0.647497 0.402404 0.450317 0.336875 0.032500 0.251320
0.067724 0.535521 0.244499 0.657428 0.955362 0.313134 0.669637 0.633240 0.547862 0.609374 0.950143 0.240734
0.315169 0.754056 0.744359 0.421239 0.775497 0.734377 0.358145 0.928063 0.309687 0.455962 0.752976 0.443690
0.506932 0.082175 0.727972 0.927659 0.910819 0.953334 0.656492 0.684972 0.994159 0.470795 0.031200 0.253512
0.510741 0.299323 0.058476 0.702734 0.999595 0.378945 0.799026 0.696142 0.714197 0.044619 0.442693 0.535667
0.714946 0.315386 0.356939 0.462101 0.606465 0.984974 0.758554 0.480560 0.665044 0.572048 0.004384 0.447101
0.904874 0.386021 0.349966 0.986994 0.438894 0.257305 0.139488 0.414420 0.220253 0.720945 0.123648 0.299565
0.934592 0.907507 0.396109 0.757646 0.014520 0.191490 0.973192 0.247028 0.092426 0.236238 0.008530 0.740112
0.490120 0.599699 0.574669 0.332595 0.620867 0.937312 0.142484 0.332519 0.074611 0.478716 0.482443 0.938896
0.079561 0.980869 0.081162 0.906556 0.394963 0.406544 0.186275 0.360963 0.349993 0.069719 0.018617 0.318353
0.335200 0.047229 0.686716 0.828593 0.104543 0.024555 0.589604 0.332092 0.872192 0.418044 0.812451 0.026404
0.906447 0.742989 0.090711 0.341559 0.534080 0.023100 0.579959 0.676223 0.313992 0.288109 0.358443 0.998181
0.781611 0.529804 0.198793 0.233934 0.579293 0.412902 0.632061 0.352695 0.325255 0.432572 0.260227 0.156659
0.258350 0.347427 0.062680 0.233293 0.345847 0.778973 0.638186 0.328737 0.033077 0.224362 0.229729 0.948253
0.821243 0.356362 0.868418 0.951034 0.684550 0.906698 0.295896 0.917791 0.835838 0.030083 0.343087 0.517256
0.616105 0.675298 0.003573 0.827690 0.293312 0.987222 0.326836 0.005183 0.006254 0.454356 0.277518 0.883853
0.429000 0.397712 0.986835 0.024536 0.401280 0.174797 0.193610 0.918579 0.160130 0.637143 0.907805 0.514038
0.065152 0.201431 0.980138 0.224662 0.124771 0.630519 0.647159 0.126536 0.644235 0.752325 0.704148 0.647808
0.217961 0.799982 0.709161 0.023032 0.706121 0.679790 0.215214 0.996195 0.170253 0.469103 0.744675 0.645114
0.963910 0.193202 0.348377 0.596464 0.391667 0.061728 0.992435 0.922677 0.854568 0.492567 0.870549 0.156851
0.891370 0.689796 0.382588 0.197227 0.274452 0.744578 0.709669 0.556263 0.001481 0.707910 0.993384 0.637762
0.336443 0.114182 0.136853 0.642289 0.334131 0.373567 0.459829 0.370917 0.177780 0.942368 0.448532 0.268370
0.442665 0.019383 0.173661 0.808363 0.258630 0.633606 0.322981 0.209144 0.256716 0.218247 0.726543 0.776076
0.988368 0.792210 0.838445 0.637357 0.876824 0.843114 0.610317 0.904494 0.539981 0.736413 0.766258 0.733839
0.676428 0.605959 0.755556 0.354576 0.693755 0.083167 0.049556 0.072652 0.771998 0.793533 0.826977 0.581145
0.566209 0.315677 0.888074 0.428391 0.324407 0.170441 0.328190 0.776591 0.253462 0.541821 0.797936 0.601498
0.236522 0.844465 0.887152 0.096345 0.386944 0.472920 0.674293 0.493737 0.825377 0.440532 0.194094 0.461156
0.052861 0.216053 0.055411 0.661507 0.133287 0.745523 0.464208 0.819499 0.389131 0.966939 0.144212 0.134646
0.075830 0.340923 0.015556 0.479293 0.996766 0.502304 0.285988 0.815590 0.619668 0.609666 0.808979 0.166828
0.020306 0.791812 0.227013 0.087001 0.132913 0.885507 0.034406 0.457611 0.888156 0.180892 0.109952 0.165196
0.445919 0.092075 0.199123 0.115100 0.482635 0.119917 0.438285 0.095410 0.009192 0.037449 0.008319 0.888654
0.150173 0.089792 0.078308 0.714608 0.635259 0.595346 0.589417 0.380436 0.820216 0.936918 0.519456 0.129519
0.789924 0.849145 0.964111 0.514841 0.488382 0.599930 0.479510 0.673666 0.858264 0.985630 0.006743 0.085991
0.519725 0.874973 0.573972 0.466088 0.231945 0.165965 0.815842 0.365052 0.240760 0.684612 0.892026 0.849627
0.731217 0.328027 0.091158 0.013062 0.998260 0.378183 0.361027 0.314957 0.045639 0.326686 0.996901 0.904480
0.959712 0.842298 0.044151 0.668986 0.451770 0.478418 0.924752 0.909466 0.970370 0.450556 0.040260 0.564337
0.940331 0.984316 0.142929 0.959892 0.763683 0.841040 0.159016 0.991813 0.439820 0.128734 0.101167 0.873166
0.788934 0.583606 0.359452 0.501057 0.715135 0.979929 0.680223 0.832325 0.510899 0.403902 0.875339 0.852488
0.200917 0.808901 0.604601 0.960494 0.650252 0.313119 0.806739 0.181515 0.852160 0.631521 0.330686 0.423207
0.057509 0.319807 0.682035 0.894691 0.719989 0.111349 0.018249 0.226767 0.445245 0.285779 0.217720 0.878429
0.497094 0.060932 0.088815 0.921979 0.878289 0.751458 0.697351 0.188782 0.002942 0.897601 0.116930 0.753298
0.808627 0.354528 0.725912 0.439533 0.645803 0.069530 0.853934 0.428547 0.579892 0.898850 0.818943 0.186119
0.734722 0.620719 0.913395 0.518980 0.911248 0.930641 0.729751 0.148328 0.352315 0.250694 0.996768 0.664022
0.940814 0.812195 0.919380 0.490835 0.909667 0.574450 0.449858 0.482355 0.392972 0.363971 0.810566 0.239555
0.260302 0.140290 0.026526 0.584533 0.835575 0.947052 0.406129 0.246322 0.054605 0.863010 0.754882 0.010059
0.657222 0.936446 0.704201 0.897017 0.900562 0.110022 0.555296 0.925123 0.893849 0.792763 0.263733 0.085827
0.081399 0.349904 0.963208 0.996543 0.587213 0.491115 0.806683 0.637071 0.381580 0.482395 0.468037 0.611895
0.289896 0.537997 0.593726 0.680325 0.341397 0.847090 0.673500 0.386673 0.019845 0.251013 0.203375 0.301372
0.325648 0.346496 0.351802 0.262250 0.855154 0.994832 0.054862 0.250574 0.221962 0.463101 0.185445 0.955109
0.037216 0.772600 0.968436 0.797439 0.858531 0.350794 0.328816 0.348208 0.234391 0.156585 0.132635 0.045123
0.981390 0.901057 0.677258 0.142965 0.021162 0.876049 0.469869 0.308295 0.486901 0.863361 0.867902 0.816390
0.394004 0.371256 0.809105 0.943850 0.255269 0.496701 0.137338 0.962908 0.770095 0.560287 0.569058 0.900843
0.776402 0.501871 0.144431 0.379587 0.645737 0.595992 0.275183 0.450742 0.268433 0.018903 0.876227 0.072791
0.483093 0.212466 0.658194 0.568933 0.841131 0.928976 0.072088 0.249172 0.810027 0.435123 0.573143 0.091553
0.625717 0.239104 0.985145 0.171689 0.197580 0.916875 0.453931 0.565770 0.701263 0.158444 0.141834 0.887600
0.867117 0.495497 0.474406 0.305384 0.675519 0.455898 0.578254 0.241548 0.328288 0.822545 0.079058 0.132935
0.549686 0.831041 0.976789 0.194495 0.588711 0.392454 0.021032 0.266939 0.429025 0.174729 0.211929 0.509564
0.260914 0.607109 0.056832 0.163316 0.656299 0.439917 0.715211 0.170177 0.930999 0.734847 0.862331 0.108987
0.013857 0.056902 0.329414 0.312928 0.428833 0.671944 0.372982 0.758428 0.592339 0.404757 0.219622 0.147481
0.851610 0.049650 0.255668 0.812843 0.138800 0.590817 0.218475 0.332147 0.644016 0.300811 0.851024 0.992944
0.743321 0.048647 0.330193 0.417129 0.425991 0.910253 0.238755 0.856196 0.008525 0.544991 0.057874 0.883857
0.902545 0.061450 0.700718 0.962616 0.458436 0.379698 0.866782 0.524588 0.063702 0.936179 0.190495 0.899891
0.455524 0.035742 0.293509 0.275098 0.853842 0.209624 0.447493 0.399265 0.319852 0.055778 0.462412 0.650646
0.905706 0.168867 0.263211 0.132011 0.355602 0.012578 0.991012 0.652058 0.429403 0.186610 0.250545 0.856760
0.096185 0.960321 0.220807 0.759378 0.739195 0.379144 0.097017 0.334778 0.006170 0.027018 0.173778 0.748226
0.414321 0.785865 0.276329 0.869367 0.351422 0.007483 0.394400 0.616982 0.648264 0.255407 0.817426 0.807377
0.260848 0.600641 0.751987 0.808756 0.915611 0.030259 0.145250 0.281106 0.114225 0.962804 0.052747 0.663754
0.264914 0.338210 0.309946 0.919004 0.158959 0.883650 0.142712 0.017764 0.037211 0.520724 0.390403 0.799186
0.469250 0.677452 0.991899 0.756893 0.879624 0.604987 0.999925 0.746414 0.675422 0.322948 0.784211 0.013826
0.375811 0.104317 0.434534 0.090506 0.835761 0.433445 0.532183 0.770508 0.298391 0.728848 0.436416 0.614107
0.744785 0.289515 0.886877 0.721095 0.187435 0.688282 0.179907 0.909757 0.885382 0.010131 0.949862 0.267571
0.472639 0.993268 0.991053 0.496650 0.716368 0.277521 0.846321 0.444102 0.103396 0.122601 0.356135 0.944964
0.105146 0.529247 0.006111 0.444092 0.864007 0.387271 0.542163 0.145211 0.978004 0.198919 0.096832 0.311914
0.180080 0.791581 0.880774 0.270427 0.569520 0.204713 0.209838 0.400167 0.978812 0.756108 0.438245 0.407444
0.160094 0.031193 0.865892 0.162626 0.569866 0.548729 0.385602 0.701192 0.028048 0.958670 0.133303 0.497637
0.253392 0.548860 0.597380 0.603823 0.139154 0.121493 0.093467 0.812320 0.215705 0.957068 0.439125 0.000367
0.844454 0.311669 0.940254 0.074448 0.691784 0.926445 0.791811 0.036123 0.585649 0.853079 0.974153 0.114729
0.468447 0.864993 0.827689 0.497191 0.795382 0.010383 0.411005 0.442396 0.174355 0.676033 0.899072 0.976985
0.553044 0.648656 0.699484 0.748147 0.886952 0.778310 0.833963 0.708260 0.554496 0.305817 0.501458 0.704016
0.577945 0.313085 0.407601 0.785048 0.236790 0.095715 0.516477 0.689419 0.644571 0.749171 0.450078 0.325279
0.076699 0.071997 0.669165 0.115220 0.123273 0.113021 0.481424 0.377099 0.498749 0.621992 0.212603 0.448189
0.598344 0.946956 0.082045 0.592213 0.369335 0.678008 0.184851 0.473347 0.914951 0.537967 0.509379 0.512309
0.211632 0.581368 0.183418 0.593498 0.201495 0.411771 0.824896 0.308608 0.510125 0.223429 0.490872 0.506334
0.625747 0.790231 0.472315 0.607550 0.997940 0.184453 0.545768 0.438899 0.765036 0.407146 0.891609 0.769249
0.282379 0.003047 0.077981 0.196616 0.463515 0.134020 0.358588 0.955870 0.910293 0.156618 0.658455 0.306630
0.742681 0.084033 0.307091 0.859318 0.761349 0.524518 0.560604 0.607567 0.847452 0.898659 0.310233 0.978989
0.475781 0.922804 0.474624 0.087688 0.612206 0.054070 0.126626 0.037255 0.200213 0.147572 0.330454 0.991604
0.128322 0.594839 0.489866 0.336184 0.173122 0.233029 0.100330 0.176579 0.668041 0.876403 0.337530 0.202343
0.129799 0.632314 0.309210 0.631810 0.822332 0.822211 0.277113 0.499006 0.005146 0.704236 0.334610 0.432853
0.497890 0.382414 0.648475 0.511635 0.726067 0.124854 0.533787 0.550543 0.907052 0.639895 0.854680 0.685226
0.118674 0.528056 0.400965 0.801000 0.742598 0.278678 0.071877 0.122524 0.638915 0.062058 0.790127 0.296613
0.279175 0.620021 0.917399 0.370529 0.009872 0.133712 0.362419 0.044962 0.760927 0.976010 0.520490 0.165532
0.973145 0.250740 0.355863 0.308835 0.547822 0.308087 0.090533 0.289417 0.271651 0.361494 0.898295 0.328269
0.048919 0.225883 0.996848 0.774709 0.995463 0.388124 0.336333 0.986186 0.986565 0.138324 0.859805 0.311853
0.884225 0.880889 0.795195 0.832658 0.110103 0.165269 0.899214 0.948495 0.300102 0.951160 0.096585 0.666339
0.408810 0.541904 0.118858 0.305069 0.749267 0.685110 0.947082 0.825474 0.281970 0.550885 0.431198 0.168711
0.696268 0.623869 0.791714 0.457051 0.431367 0.955531 0.357467 0.682713 0.993611 0.469666 0.850066 0.029585
0.765094 0.164340 0.247964 0.785749 0.286265 0.344926 0.079694 0.785880 0.524275 0.264100 0.053334 0.411354
0.573757 0.391109 0.902682 0.289844 0.314654 0.221345 0.211119 0.426428 0.306432 0.550540 0.304157 0.346983
0.928520 0.615298 0.177756 0.370738 0.831863 0.352661 0.424905 0.088218 0.275963 0.254389 0.130356 0.397943
0.660622 0.520225 0.967544 0.593211 0.381730 0.029788 0.858479 0.022803 0.001827 0.062822 0.091757 0.731767
0.161365 0.424021 0.778035 0.633093 0.858090 0.775428 0.916258 0.848614 0.258122 0.239256 0.718724 0.051576
0.677036 0.306976 0.673598 0.424278 0.286200 0.320661 0.397911 0.875161 0.272494 0.705587 0.433960 0.080608
0.439111 0.006296 0.846169 0.758478 0.588267 0.447755 0.529365 0.996122 0.752167 0.435033 0.353747 0.041613
0.568953 0.610062 0.726737 0.635708 0.841501 0.276338 0.019241 0.775912 0.424203 0.590425 0.188708 0.182018
0.417523 0.203182 0.723876 0.961656 0.885501 0.720962 0.592983 0.895110 0.595717 0.256317 0.470631 0.649015
0.896506 0.475966 0.306081 0.617363 0.078237 0.702312 0.587959 0.697953 0.753498 0.223257 0.441860 0.759106
0.270509 0.672335 0.656876 0.417711 0.170814 0.186748 0.442646 0.685639 0.545704 0.317918 0.402060 0.029960
0.259831 0.180416 0.710188 0.322862 0.761164 0.951955 0.897204 0.895407 0.753909 0.132030 0.023787 0.836758
0.632442 0.358652 0.057539 0.872111 0.669260 0.949199 0.643405 0.658723 0.775117 0.702993 0.445288 0.018378
0.861698 0.965571 0.921738 0.890434 0.629967 0.527169 0.554867 0.923681 0.691824 0.704285 0.753086 0.829930
0.106477 0.999499 0.319258 0.019477 0.158675 0.610590 0.589857 0.459277 0.595818 0.962747 0.206812 0.674245
0.171687 0.399657 0.749859 0.913731 0.500522 0.428599 0.937517 0.731648 0.025995 0.193927 0.542675 0.231875
0.554962 0.089156 0.531205 0.491611 0.717466 0.429836 0.071096 0.020027 0.099466 0.397847 0.543982 0.190607
0.899070 0.025169 0.222992 0.843607 0.414903 0.282641 0.629981 0.940425 0.800848 0.671690 0.545046 0.586918
0.419006 0.679230 0.936146 0.012588 0.895941 0.909129 0.387404 0.989465 0.287284 0.283176 0.712231 0.752355
0.441766 0.536786 0.523379 0.830122 0.229835 0.557001 0.853713 0.026844 0.533762 0.318054 0.965568 0.266551
0.366874 0.857061 0.681914 0.968397 0.265007 0.541234 0.352158 0.247076 0.544425 0.985343 0.711545 0.362722
0.794648 0.001857 0.119325 0.929034 0.468974 0.378007 0.266107 0.269667 0.352351 0.656330 0.066160 0.757447
0.374465 0.047546 0.974507 0.778371 0.875847 0.214543 0.207991 0.442143 0.945792 0.356892 0.355728 0.552653
0.918401 0.553251 0.348349 0.172267 0.027981 0.349005 0.804397 0.956573 0.964090 0.034339 0.736136 0.104725
0.380065 0.722275 0.312684 0.355040 0.785422 0.408890 0.678136 0.260283 0.569748 0.083827 0.346938 0.119157
