0.242251 0.631912 0.556880 0.688832 0.428680 0.167812 0.454595 0.169494 0.000344 0.134433 0.902144 0.564564
0.247648 0.353395 0.199065 0.308477 0.751578 0.245385 0.679532 0.392871 0.890540 0.498541 0.206498 0.830886
0.383034 0.434731 0.366465 0.328734 0.082299 0.459975 0.015607 0.661410 0.705149 0.739147 0.358124 0.544256
0.741475 0.777854 0.686192 0.884092 0.328662 0.299637 0.377901 0.055914 0.824291 0.837745 0.230334 0.484648
0.766678 0.516000 0.277848 0.005430 0.794022 0.964929 0.743033 0.901999 0.852232 0.639440 0.915233 0.262023
0.046413 0.229262 0.786715 0.262630 0.901706 0.091740 0.455189 0.601636 0.236832 0.049945 0.954433 0.045707
0.594380 0.290651 0.400029 0.098314 0.334272 0.666011 0.234798 0.389542 0.100961 0.783541 0.821341 0.836941
0.169362 0.862074 0.441048 0.605391 0.887905 0.242235 0.012543 0.943869 0.705821 0.341446 0.323084 0.554161
0.792447 0.005001 0.573166 0.931967 0.895101 0.323388 0.865189 0.229684 0.868936 0.512829 0.112386 0.933692
0.378984 0.949094 0.577618 0.030189 0.582481 0.480688 0.725236 0.120102 0.879127 0.858506 0.853046 0.143194
0.772060 0.364749 0.480075 0.155695 0.933022 0.320891 0.634173 0.804582 0.801925 0.970214 0.360797 0.900748
0.326358 0.075057 0.310490 0.047051 0.847202 0.823797 0.740233 0.829843 0.961683 0.522167 0.535415 0.674439
0.810948 0.957961 0.022757 0.645838 0.505959 0.891884 0.250875 0.367176 0.303529 0.712211 0.977413 0.153599
0.660633 0.271869 0.977813 0.647531 0.854050 0.396986 0.767113 0.829868 0.794641 0.142967 0.906378 0.029297
0.332733 0.126318 0.242523 0.965025 0.225165 0.131632 0.167822 0.896829 0.806248 0.656447 0.457225 0.064999
0.349506 0.840160 0.149340 0.376245 0.352990 0.120749 0.818094 0.141220 0.875892 0.248481 0.834341 0.560345
0.646257 0.174123 0.766498 0.676735 0.864259 0.508761 0.984700 0.713407 0.772603 0.590189 0.298922 0.546187
0.305408 0.690712 0.385326 0.074569 0.489104 0.554183 0.626973 0.505268 0.723621 0.849034 0.770340 0.668513
0.629540 0.454531 0.356048 0.545519 0.529260 0.117521 0.803738 0.630952 0.543626 0.884643 0.026520 0.605551
0.025989 0.476602 0.783566 0.826943 0.032849 0.320153 0.268210 0.848527 0.918159 0.204145 0.664801 0.508104
0.240796 0.928901 0.143358 0.442227 0.341325 0.651804 0.919982 0.690686 0.407018 0.743904 0.348981 0.605722
0.927248 0.774749 0.577525 0.809048 0.183398 0.267767 0.330092 0.460429 0.088477 0.441595 0.443559 0.956171
0.501600 0.572256 0.084507 0.961097 0.768784 0.251889 0.910498 0.706627 0.264262 0.547257 0.494240 0.767931
0.804319 0.602400 0.120222 0.201264 0.681917 0.568295 0.209324 0.524193 0.600958 0.358542 0.643472 0.850324
0.603526 0.243338 0.324489 0.376012 0.522486 0.599473 0.874859 0.147830 0.316778 0.365542 0.053095 0.359465
0.567501 0.168848 0.404637 0.355244 0.233525 0.280163 0.182290 0.575261 0.055540 0.163394 0.738639 0.450065
0.845839 0.407079 0.467940 0.939501 0.996821 0.596239 0.850193 0.250073 0.605309 0.480362 0.589721 0.251727
0.258603 0.989470 0.769912 0.139344 0.993520 0.550286 0.675093 0.334594 0.973700 0.739325 0.344798 0.274494
0.965867 0.062648 0.170800 0.270202 0.520046 0.056042 0.677143 0.336858 0.965174 0.712715 0.126002 0.403165
0.546890 0.347349 0.068186 0.591509 0.952577 0.765823 0.785085 0.844840 0.282072 0.736227 0.940741 0.726741
0.484256 0.316734 0.020603 0.890461 0.817288 0.183952 0.146010 0.277395 0.094758 0.908842 0.336392 0.570686
0.178792 0.387722 0.301885 0.822921 0.912228 0.420045 0.484721 0.126787 0.993352 0.923751 0.587009 0.259743
0.943388 0.596942 0.585928 0.003378 0.662261 0.754382 0.680829 0.066618 0.877315 0.937101 0.993115 0.029263
0.490807 0.745197 0.259331 0.009494 0.378727 0.008106 0.302525 0.352444 0.474305 0.137445 0.358994 0.576119
0.453307 0.156691 0.965387 0.080066 0.643383 0.298350 0.793116 0.293395 0.043554 0.471045 0.150343 0.239124
0.118359 0.380369 0.321126 0.160328 0.064706 0.541220 0.436886 0.829614 0.655491 0.528273 0.744011 0.326407
0.319991 0.001765 0.976895 0.516073 0.632775 0.058259 0.751570 0.466126 0.992966 0.541054 0.037104 0.694352
0.655096 0.676859 0.187528 0.651063 0.171289 0.636977 0.200694 0.117782 0.429767 0.767697 0.380195 0.834651
0.911142 0.790085 0.009885 0.326976 0.878043 0.196178 0.167053 0.779060 0.693005 0.901059 0.452097 0.421835
0.426940 0.580170 0.201038 0.873325 0.253337 0.958389 0.173061 0.816611 0.958567 0.372024 0.223432 0.067507
0.694034 0.576618 0.599991 0.738928 0.083961 0.650343 0.134136 0.453543 0.644125 0.530713 0.254110 0.048303
0.607270 0.253732 0.791410 0.533358 0.964105 0.679518 0.662552 0.122212 0.256794 0.425419 0.590772 0.648316
0.657262 0.442867 0.690146 0.227831 0.426802 0.520283 0.124682 0.335513 0.034370 0.329207 0.918280 0.013842
0.936874 0.171191 0.942356 0.932810 0.214850 0.870155 0.846335 0.530465 0.434375 0.898975 0.801770 0.903719
0.322064 0.323727 0.470318 0.541179 0.442918 0.929066 0.327685 0.980109 0.153676 0.851364 0.745187 0.022778
0.439445 0.857817 0.248269 0.642679 0.689892 0.821118 0.957029 0.789220 0.505983 0.015008 0.742111 0.892266
0.443704 0.982535 0.357868 0.421313 0.926840 0.363545 0.499636 0.607319 0.669110 0.869389 0.428222 0.047226
0.522841 0.081767 0.484451 0.662156 0.405139 0.677251 0.012575 0.942371 0.243905 0.611980 0.379504 0.756516
0.615996 0.612324 0.960523 0.026647 0.032801 0.934538 0.325182 0.339749 0.465560 0.941524 0.966583 0.114868
0.554385 0.771092 0.760894 0.209318 0.853393 0.562156 0.704316 0.565807 0.519516 0.213774 0.274124 0.598861
0.355071 0.577074 0.909633 0.508166 0.888122 0.812686 0.404295 0.636629 0.208682 0.595560 0.741517 0.201787
0.885356 0.857346 0.561509 0.772821 0.189836 0.567974 0.331002 0.281700 0.538867 0.230910 0.663358 0.590838
0.535598 0.526872 0.360847 0.438505 0.191148 0.544985 0.276767 0.691743 0.642951 0.756994 0.358520 0.601630
0.553536 0.419599 0.531426 0.491856 0.598482 0.229869 0.635655 0.692600 0.422065 0.169287 0.828796 0.209997
0.036420 0.198055 0.272448 0.208915 0.963888 0.095961 0.380268 0.099242 0.962564 0.986575 0.413043 0.769395
0.023196 0.690743 0.031614 0.003200 0.347210 0.202939 0.449685 0.907622 0.702619 0.034774 0.688803 0.246631
0.370753 0.071855 0.107816 0.192968 0.186423 0.483501 0.802105 0.269975 0.677404 0.177595 0.871922 0.261536
0.981860 0.291299 0.780566 0.850753 0.356513 0.814688 0.962857 0.133669 0.777062 0.926250 0.062588 0.879697
0.202220 0.826368 0.945456 0.940841 0.651100 0.935866 0.060243 0.067435 0.127093 0.672698 0.451755 0.960239
0.773823 0.454934 0.474178 0.507904 0.782156 0.298508 0.866101 0.667133 0.482557 0.037039 0.555042 0.224920
0.505127 0.192951 0.342835 0.119308 0.067504 0.750094 0.209091 0.418695 0.115242 0.047962 0.252666 0.593297
0.587092 0.427687 0.027916 0.894358 0.171149 0.468402 0.761274 0.930631 0.946412 0.963996 0.625908 0.510911
0.453723 0.365022 0.543824 0.614309 0.947549 0.127980 0.961144 0.738556 0.653306 0.248256 0.748329 0.679896
0.264619 0.263923 0.535820 0.770552 0.386923 0.029279 0.682672 0.610737 0.528030 0.864486 0.011472 0.253721
0.654752 0.432786 0.080053 0.188904 0.244107 0.474636 0.624650 0.394202 0.045266 0.337684 0.664152 0.155812
0.154770 0.393431 0.035302 0.860957 0.910699 0.677292 0.950783 0.797920 0.293654 0.947747 0.573414 0.326942
0.792539 0.058917 0.830139 0.032966 0.149992 0.894602 0.471561 0.302548 0.537029 0.938784 0.755523 0.112760
0.771757 0.078899 0.103828 0.743781 0.661117 0.010019 0.637827 0.583817 0.194184 0.290597 0.479697 0.336167
0.580366 0.213888 0.416870 0.671337 0.459271 0.390087 0.397704 0.600281 0.630352 0.141225 0.790052 0.798063
0.481395 0.550801 0.364967 0.069564 0.666356 0.693920 0.515539 0.413665 0.428677 0.885260 0.275238 0.157431
0.414222 0.315587 0.254168 0.220741 0.701714 0.996689 0.558666 0.887240 0.757148 0.022117 0.984274 0.843395
0.333940 0.094296 0.254441 0.288077 0.922096 0.428322 0.638024 0.961100 0.440305 0.944844 0.963729 0.926993
0.318586 0.274120 0.520138 0.556426 0.900302 0.752165 0.793146 0.974515 0.618779 0.446296 0.061502 0.134584
0.508186 0.133679 0.494779 0.273723 0.130587 0.169928 0.532142 0.259997 0.105080 0.024172 0.163454 0.734481
0.426357 0.440083 0.788551 0.047413 0.434805 0.422329 0.297019 0.067655 0.490303 0.895159 0.820599 0.603164
0.307597 0.333655 0.785345 0.461231 0.283350 0.264418 0.501897 0.051773 0.191034 0.976607 0.077486 0.634423
0.966094 0.735376 0.539886 0.922054 0.066509 0.569128 0.433860 0.512422 0.822509 0.102983 0.590285 0.621025
0.526764 0.452966 0.601237 0.964336 0.782075 0.759306 0.114726 0.284498 0.009676 0.489455 0.107667 0.726286
0.852442 0.881439 0.851711 0.852214 0.604050 0.420795 0.324675 0.557335 0.649208 0.991017 0.611679 0.657817
0.630161 0.336100 0.816011 0.912630 0.924608 0.772773 0.194301 0.813157 0.784643 0.739140 0.514684 0.314916
0.709125 0.208254 0.623741 0.632968 0.642662 0.911634 0.392322 0.332479 0.917644 0.033024 0.181173 0.286961
0.422335 0.966380 0.286828 0.444380 0.097496 0.132460 0.188192 0.124662 0.823305 0.402647 0.058544 0.834002
0.097731 0.603741 0.935759 0.911899 0.365636 0.040032 0.993485 0.045690 0.380042 0.526906 0.638101 0.867993
0.080730 0.426872 0.827944 0.899339 0.819979 0.439206 0.885679 0.367188 0.942096 0.264097 0.956152 0.783185
0.280558 0.865432 0.677249 0.865580 0.669620 0.468720 0.322074 0.464078 0.034619 0.364790 0.753409 0.622924
0.492767 0.913381 0.012336 0.979617 0.499929 0.475943 0.574308 0.785737 0.940099 0.422353 0.973469 0.241568
0.247877 0.609576 0.085286 0.470454 0.969247 0.364088 0.419606 0.452084 0.600506 0.308511 0.250764 0.060201
0.160193 0.275398 0.245844 0.511505 0.597799 0.035184 0.296086 0.932514 0.770025 0.240505 0.091166 0.267693
0.243249 0.711489 0.618569 0.525232 0.335966 0.480539 0.311290 0.004284 0.978383 0.683700 0.913999 0.975832
0.235075 0.104302 0.339377 0.032349 0.711123 0.642126 0.352386 0.951812 0.526553 0.398736 0.954141 0.304633
0.497105 0.806398 0.079664 0.792916 0.154051 0.499869 0.820372 0.617043 0.892063 0.456248 0.163862 0.742815
0.647561 0.043536 0.982261 0.880253 0.018983 0.940508 0.397198 0.497060 0.813075 0.335272 0.148698 0.296831
0.031270 0.942351 0.387748 0.552063 0.782095 0.824483 0.048941 0.744094 0.831916 0.917746 0.532903 0.750249
0.606759 0.822414 0.316751 0.829131 0.379294 0.381402 0.707432 0.184654 0.821699 0.907394 0.813136 0.319300
0.508609 0.870081 0.163565 0.737134 0.289713 0.270279 0.667214 0.431963 0.038726 0.415874 0.350024 0.031592
0.301208 0.949210 0.394595 0.960827 0.117726 0.414382 0.864031 0.345712 0.949580 0.137961 0.163109 0.313266
0.404643 0.040874 0.107138 0.558690 0.142024 0.007559 0.074074 0.463560 0.328902 0.947163 0.245638 0.438321
0.703175 0.736803 0.844026 0.369403 0.905829 0.197758 0.845338 0.356076 0.385415 0.426829 0.384452 0.483294
0.768362 0.625203 0.927599 0.404162 0.268949 0.692586 0.738209 0.895320 0.272702 0.186128 0.843677 0.366047
0.697746 0.445555 0.361493 0.489938 0.675653 0.585634 0.239526 0.365119 0.229292 0.688048 0.908060 0.642219
0.717494 0.147105 0.000240 0.133389 0.185127 0.600963 0.995671 0.233549 0.239538 0.998554 0.134976 0.522366
0.231177 0.749181 0.817658 0.654901 0.395688 0.553426 0.316597 0.650494 0.910368 0.495327 0.928684 0.688502
0.361922 0.253078 0.183189 0.252807 0.172731 0.381890 0.060925 0.338734 0.004227 0.079355 0.274295 0.935486
0.084233 0.279721 0.560037 0.846927 0.077955 0.364980 0.244602 0.434423 0.632828 0.356905 0.955189 0.879162
0.722505 0.088961 0.810907 0.318246 0.789800 0.678049 0.610681 0.061068 0.788519 0.809031 0.607273 0.857366
0.498316 0.105091 0.045836 0.736944 0.151760 0.885276 0.326725 0.155209 0.734576 0.433714 0.369057 0.920066
0.600150 0.559596 0.655979 0.334033 0.782781 0.096532 0.130021 0.562747 0.961670 0.596456 0.920317 0.788794
0.841222 0.930117 0.136222 0.281000 0.420894 0.012158 0.415843 0.964210 0.656976 0.165628 0.594789 0.030071
0.760325 0.481232 0.250169 0.424893 0.404107 0.602915 0.452200 0.635253 0.851838 0.866192 0.866586 0.840983
0.563979 0.587950 0.524486 0.839473 0.851453 0.038703 0.827093 0.790720 0.784674 0.492141 0.690956 0.244344
0.847797 0.897887 0.931064 0.570362 0.634705 0.408568 0.802608 0.162347 0.561377 0.170678 0.735592 0.809626
0.807432 0.613848 0.019154 0.606365 0.442298 0.773699 0.182684 0.725862 0.470674 0.746297 0.843469 0.696787
0.282365 0.395792 0.027946 0.572559 0.573908 0.257407 0.805942 0.203886 0.072123 0.507830 0.782250 0.189242
0.129863 0.097963 0.656345 0.161990 0.469074 0.524776 0.946168 0.324278 0.053389 0.396877 0.601499 0.373233
0.164231 0.716469 0.312825 0.757837 0.932745 0.929823 0.397990 0.783973 0.113167 0.698272 0.544738 0.569654
0.722051 0.722391 0.284233 0.693982 0.233202 0.413985 0.924125 0.872088 0.305218 0.104047 0.803227 0.567810
0.582867 0.816919 0.330399 0.440730 0.551850 0.182285 0.625618 0.782475 0.694722 0.464643 0.189928 0.844533
0.692721 0.926177 0.006772 0.246977 0.093697 0.040533 0.631109 0.602849 0.599545 0.132761 0.777085 0.968919
0.528000 0.220405 0.232556 0.373623 0.460827 0.415715 0.741957 0.419797 0.937095 0.063602 0.008911 0.713884
0.787437 0.278006 0.464150 0.399542 0.313110 0.803146 0.342107 0.776220 0.790699 0.589751 0.206305 0.651832
0.350421 0.945471 0.035714 0.319206 0.362710 0.312131 0.170894 0.445423 0.002995 0.802145 0.876057 0.945461
0.693517 0.190795 0.340630 0.901348 0.971741 0.139833 0.336139 0.241041 0.629016 0.201070 0.604106 0.913978
0.311575 0.426605 0.771812 0.892719 0.359276 0.701300 0.717677 0.658071 0.579789 0.409353 0.104663 0.337127
0.260270 0.720597 0.782458 0.380353 0.640560 0.496227 0.531631 0.709901 0.960823 0.150231 0.778703 0.106202
0.033829 0.917856 0.072022 0.701747 0.100954 0.784100 0.452373 0.540202 0.892766 0.311396 0.053132 0.863312
0.409927 0.242696 0.017664 0.526963 0.395795 0.507343 0.936698 0.702446 0.817101 0.664252 0.954629 0.252488
0.674342 0.487402 0.737153 0.140083 0.422843 0.757897 0.434620 0.829743 0.527509 0.853526 0.687970 0.484653
0.804987 0.346952 0.920875 0.894377 0.014765 0.605388 0.094276 0.284902 0.460889 0.560049 0.195621 0.229666
0.111907 0.115103 0.689401 0.888411 0.972776 0.263698 0.931740 0.242347 0.776045 0.318432 0.886073 0.174545
0.761746 0.864710 0.267344 0.514157 0.769755 0.897011 0.330867 0.036893 0.134727 0.282929 0.003574 0.941519
0.195925 0.964036 0.191147 0.585929 0.277876 0.103035 0.662971 0.845423 0.514402 0.908026 0.503322 0.776439
0.126877 0.768616 0.050237 0.450589 0.802494 0.620199 0.095297 0.388608 0.664151 0.610887 0.788171 0.625093
0.892455 0.447083 0.219912 0.830025 0.152049 0.364211 0.493553 0.609759 0.654186 0.386981 0.003721 0.464520
0.660361 0.736078 0.673438 0.385204 0.070421 0.255842 0.665390 0.564566 0.384731 0.274081 0.942365 0.016728
0.180290 0.371085 0.029571 0.239742 0.064946 0.952487 0.210221 0.616569 0.999651 0.744068 0.974672 0.626285
0.107070 0.131124 0.413051 0.979513 0.796169 0.857578 0.161451 0.495486 0.600667 0.073474 0.504507 0.331992
0.062587 0.416279 0.717394 0.744605 0.603477 0.821773 0.150243 0.447766 0.962190 0.841351 0.678282 0.835281
0.815003 0.614948 0.578826 0.969508 0.171811 0.469158 0.607840 0.350529 0.617421 0.390098 0.968534 0.121679
0.185924 0.069689 0.970931 0.273389 0.316536 0.931498 0.189694 0.024732 0.723157 0.175338 0.872226 0.809587
0.554049 0.243087 0.681390 0.421163 0.463794 0.312445 0.655679 0.990170 0.398801 0.161606 0.716916 0.665144
0.835945 0.367228 0.150294 0.798419 0.594826 0.787017 0.644279 0.164639 0.465560 0.842472 0.592235 0.046809
0.403450 0.294572 0.769653 0.756744 0.906798 0.750292 0.147386 0.393274 0.130927 0.196900 0.220653 0.420460
0.613119 0.703458 0.991253 0.955680 0.632372 0.375025 0.695641 0.997520 0.322016 0.973987 0.980075 0.823418
0.424604 0.331620 0.201918 0.629896 0.749033 0.811157 0.767223 0.080765 0.387297 0.837874 0.256670 0.012210
0.397574 0.507185 0.508351 0.241758 0.708595 0.629379 0.714497 0.637402 0.434007 0.976349 0.236253 0.601585
0.737539 0.517631 0.984865 0.765095 0.794173 0.520223 0.404098 0.776489 0.113750 0.756271 0.888732 0.177723
0.295376 0.857924 0.650482 0.867950 0.464533 0.650488 0.290815 0.519872 0.958812 0.311664 0.426363 0.599178
0.430747 0.838986 0.303339 0.228557 0.589180 0.687848 0.276283 0.951008 0.711197 0.798737 0.038204 0.636507
0.955278 0.338313 0.676904 0.565762 0.301029 0.783802 0.836743 0.291199 0.389714 0.019869 0.765484 0.575092
0.566388 0.220093 0.784293 0.663778 0.948273 0.817996 0.219318 0.194275 0.751713 0.018625 0.876449 0.888119
0.336687 0.909694 0.309544 0.002942 0.608854 0.752637 0.282069 0.366262 0.652486 0.751432 0.702268 0.942553
0.118548 0.722812 0.595118 0.513499 0.331175 0.958910 0.616947 0.643753 0.255589 0.720596 0.598747 0.288455
0.155866 0.927404 0.057035 0.157382 0.942710 0.291038 0.006141 0.104911 0.723169 0.224553 0.037582 0.185347
0.227198 0.012523 0.721280 0.429354 0.127748 0.980971 0.979177 0.898935 0.556180 0.058009 0.014242 0.802378
0.639973 0.148360 0.322683 0.677372 0.138868 0.469986 0.325378 0.643891 0.369401 0.597647 0.930633 0.691949
0.805501 0.844194 0.453808 0.120884 0.708789 0.416001 0.309102 0.384326 0.807001 0.107793 0.921819 0.598809
0.017536 0.174582 0.983236 0.944846 0.748606 0.170813 0.989700 0.399395 0.146966 0.882806 0.928300 0.037794
0.434571 0.080432 0.075922 0.619650 0.307748 0.783123 0.210960 0.705278 0.928488 0.948975 0.620545 0.813540
0.102476 0.922181 0.440092 0.628717 0.572812 0.711587 0.008459 0.461046 0.740719 0.653609 0.223290 0.868546
0.585183 0.240985 0.937887 0.167875 0.307970 0.956467 0.605270 0.986044 0.287157 0.347771 0.792892 0.353961
0.459715 0.278050 0.217361 0.424239 0.730559 0.044766 0.166512 0.838403 0.417265 0.836128 0.760705 0.256498
0.380648 0.485422 0.635759 0.311015 0.968424 0.250421 0.786932 0.353457 0.184219 0.073732 0.349646 0.434495
0.022891 0.270066 0.563187 0.669756 0.831555 0.622492 0.739865 0.866208 0.583138 0.133532 0.366638 0.070405
0.546465 0.199913 0.534733 0.115258 0.388643 0.431719 0.912607 0.027772 0.248664 0.793786 0.022637 0.699567
0.773756 0.083333 0.240372 0.497681 0.951894 0.051452 0.586790 0.998519 0.585819 0.972063 0.693606 0.111344
0.957023 0.964811 0.037121 0.073985 0.222609 0.093953 0.498266 0.580479 0.336484 0.705454 0.249242 0.078242
0.330891 0.968674 0.343049 0.814513 0.261869 0.545212 0.656268 0.461721 0.557811 0.955883 0.786141 0.603743
0.367115 0.093209 0.852874 0.618803 0.287897 0.096534 0.931243 0.404986 0.453575 0.957406 0.605627 0.297395
0.332205 0.197164 0.822976 0.087638 0.069592 0.342449 0.626816 0.205672 0.538575 0.934360 0.411856 0.827375
0.138315 0.399581 0.000457 0.400052 0.869034 0.838277 0.383058 0.880412 0.848060 0.856760 0.160696 0.716058
0.142140 0.442282 0.080501 0.113973 0.134491 0.662313 0.799831 0.939921 0.224500 0.063477 0.648258 0.676729
0.274768 0.666600 0.173286 0.002898 0.743364 0.871686 0.074729 0.003413 0.358832 0.094306 0.439346 0.547479
0.283530 0.678467 0.803419 0.966681 0.842735 0.602928 0.731118 0.097357 0.993008 0.513176 0.225008 0.400530
0.448831 0.046417 0.737729 0.517338 0.918639 0.090941 0.818942 0.991835 0.692679 0.657976 0.335262 0.533189
0.337884 0.767141 0.390021 0.668069 0.169927 0.489120 0.651273 0.560018 0.237424 0.424681 0.881778 0.131326
0.702626 0.602983 0.928789 0.700307 0.859556 0.225916 0.603353 0.485657 0.768127 0.819725 0.361898 0.903595
0.119932 0.352861 0.808412 0.233015 0.513235 0.553908 0.443993 0.864405 0.751362 0.077728 0.228950 0.839631
0.926926 0.203627 0.705042 0.795572 0.714383 0.256237 0.644492 0.031650 0.966964 0.151973 0.992105 0.677405
0.996815 0.142749 0.576076 0.422020 0.350805 0.121766 0.774841 0.329902 0.311091 0.652314 0.481147 0.093303
0.100944 0.325984 0.276753 0.188350 0.014225 0.069272 0.675705 0.326135 0.266240 0.760304 0.026135 0.805203
0.731098 0.431282 0.018471 0.107606 0.449676 0.547019 0.514517 0.693743 0.079153 0.892185 0.588203 0.373685
0.167342 0.754481 0.864517 0.048189 0.342205 0.722869 0.879595 0.900384 0.457740 0.484311 0.280114 0.783973
0.371676 0.858819 0.109586 0.709836 0.453052 0.188205 0.194174 0.233419 0.425457 0.301082 0.292496 0.228284
0.016504 0.406077 0.264302 0.397642 0.501416 0.791157 0.791100 0.754395 0.600468 0.690235 0.156557 0.903826
0.964888 0.459490 0.355478 0.662250 0.273365 0.832148 0.618394 0.368761 0.464379 0.717622 0.093240 0.595061
0.746478 0.939480 0.737455 0.257531 0.273518 0.136277 0.877913 0.154337 0.395752 0.728399 0.172981 0.175408
0.840153 0.741487 0.760929 0.984295 0.151707 0.644713 0.616632 0.562728 0.431423 0.866553 0.866103 0.290021
0.922156 0.715595 0.624540 0.334895 0.492096 0.068061 0.226310 0.170000 0.415947 0.584371 0.539468 0.538825
0.952013 0.491050 0.008730 0.944497 0.860958 0.707110 0.906342 0.542678 0.925182 0.795388 0.888241 0.511893
0.820721 0.645969 0.474376 0.957883 0.895073 0.830021 0.398263 0.314557 0.598519 0.632038 0.944391 0.800086
0.201998 0.811588 0.141462 0.036774 0.511763 0.258244 0.513075 0.505202 0.839550 0.965802 0.283386 0.334684
0.858251 0.916809 0.896523 0.260756 0.065964 0.965393 0.048749 0.537258 0.720978 0.626345 0.599612 0.247509
0.877296 0.280725 0.718937 0.857914 0.874485 0.128869 0.782021 0.863633 0.094657 0.109929 0.246565 0.327700
0.611197 0.802387 0.781867 0.157110 0.161589 0.401077 0.945647 0.492924 0.234431 0.551641 0.744997 0.360380
0.554874 0.810797 0.265387 0.180646 0.675304 0.452952 0.872104 0.930454 0.518742 0.401869 0.126288 0.532923
0.715496 0.914165 0.052725 0.141977 0.756699 0.577340 0.459382 0.028475 0.409478 0.778923 0.361076 0.495486
0.384514 0.997168 0.113573 0.893453 0.422311 0.932013 0.031427 0.256234 0.046393 0.938836 0.512474 0.555986
0.009025 0.409605 0.055744 0.101142 0.640003 0.171341 0.028219 0.034668 0.016087 0.446962 0.875447 0.914366
0.357114 0.722622 0.213155 0.884184 0.089089 0.691558 0.085836 0.296482 0.341521 0.339005 0.978137 0.774920
0.458820 0.167078 0.127646 0.382620 0.586171 0.405225 0.135404 0.675454 0.836612 0.935078 0.955135 0.563352
0.791863 0.943742 0.173752 0.459440 0.048367 0.635813 0.689328 0.738900 0.003964 0.231033 0.969981 0.637602
0.394290 0.503371 0.840547 0.699430 0.083029 0.804994 0.676669 0.332777 0.325300 0.273975 0.594866 0.945753
0.716884 0.129521 0.678169 0.270292 0.492223 0.419434 0.513371 0.255241 0.515075 0.036655 0.163303 0.712008
0.653765 0.373104 0.611406 0.517959 0.133209 0.265410 0.584974 0.434503 0.033536 0.389996 0.449326 0.133266
0.991214 0.457963 0.555407 0.208394 0.737643 0.702483 0.403918 0.581116 0.387116 0.263468 0.446806 0.899030
0.984370 0.193705 0.265437 0.611268 0.155173 0.714169 0.357500 0.476500 0.508046 0.479894 0.681432 0.967285
0.651097 0.009678 0.029406 0.566661 0.249587 0.361924 0.256095 0.341058 0.393530 0.656454 0.818295 0.183287
0.915807 0.080734 0.072432 0.472921 0.602683 0.267993 0.428677 0.195434 0.669304 0.647762 0.941567 0.458884
0.067876 0.799897 0.522957 0.317728 0.821010 0.812375 0.396822 0.549025 0.742767 0.450944 0.349021 0.399944
0.578975 0.209753 0.181202 0.722974 0.482973 0.207208 0.181924 0.817745 0.056575 0.427344 0.826268 0.701729
0.297593 0.100770 0.908802 0.726507 0.658361 0.119454 0.427690 0.564906 0.998888 0.790853 0.953194 0.243698
0.396718 0.537943 0.949837 0.827304 0.880965 0.773548 0.968545 0.939518 0.503382 0.509415 0.459566 0.328463
0.953891 0.138874 0.848152 0.117856 0.685793 0.613613 0.175142 0.083729 0.434538 0.618470 0.633200 0.137242
0.983116 0.850433 0.875042 0.378982 0.718783 0.080529 0.149609 0.502405 0.921860 0.317772 0.486738 0.798152
0.702063 0.415796 0.837942 0.778735 0.380460 0.395706 0.128040 0.641335 0.859093 0.121287 0.330738 0.178140
0.697801 0.657098 0.616404 0.242754 0.889006 0.130946 0.618774 0.738076 0.037607 0.471383 0.672369 0.799312
0.457142 0.582110 0.768229 0.124352 0.437492 0.403781 0.425136 0.675860 0.943157 0.425108 0.227341 0.870566
0.190255 0.351244 0.355183 0.808701 0.118146 0.747385 0.259672 0.581104 0.558297 0.740005 0.547796 0.058199
0.996491 0.146023 0.019860 0.025131 0.996676 0.021303 0.263674 0.589372 0.238040 0.834588 0.580557 0.951680
0.522266 0.477307 0.737451 0.477599 0.665432 0.001577 0.968282 0.945764 0.044408 0.534034 0.434159 0.957798
0.410008 0.472459 0.068534 0.317556 0.200302 0.860982 0.438539 0.710620 0.933289 0.842877 0.909261 0.428885
0.681684 0.346942 0.465354 0.279729 0.851188 0.736448 0.311922 0.024362 0.951099 0.749463 0.023700 0.528327
0.553594 0.238432 0.823111 0.633381 0.043816 0.467320 0.426841 0.327594 0.158423 0.032278 0.960484 0.127903
0.163518 0.520708 0.727650 0.547396 0.153731 0.924569 0.498006 0.249532 0.008071 0.155686 0.661609 0.053051
0.088490 0.930240 0.418632 0.382767 0.937254 0.847156 0.988631 0.158395 0.854894 0.780618 0.487787 0.390482
0.495744 0.731688 0.873642 0.644755 0.709348 0.837532 0.258716 0.530324 0.477319 0.889598 0.574078 0.598899
0.024162 0.796113 0.632184 0.530887 0.843002 0.852135 0.524929 0.018839 0.274604 0.716745 0.772044 0.156227
0.855534 0.612898 0.306502 0.197482 0.925972 0.029147 0.442522 0.991782 0.665269 0.065517 0.731006 0.574480
0.469767 0.408742 0.727087 0.059294 0.643616 0.564209 0.743246 0.749315 0.867701 0.795522 0.079598 0.658511
0.263892 0.510934 0.263223 0.266301 0.435402 0.291191 0.520472 0.431790 0.295530 0.001764 0.486320 0.976714
0.617861 0.655019 0.870712 0.217321 0.279512 0.505779 0.046871 0.237050 0.220911 0.652750 0.046064 0.429250
0.397695 0.898292 0.496043 0.449413 0.694415 0.639917 0.371997 0.823885 0.991600 0.620225 0.650478 0.858224
0.672606 0.515814 0.839475 0.431601 0.152783 0.421795 0.572344 0.891322 0.225356 0.012261 0.237216 0.465983
0.766768 0.508389 0.011570 0.286453 0.798060 0.723314 0.455402 0.113589 0.885334 0.569407 0.497491 0.445395
0.805960 0.697198 0.651380 0.789001 0.716764 0.213415 0.278258 0.277010 0.281772 0.104611 0.719839 0.518586
0.184187 0.414915 0.074520 0.689653 0.593244 0.455133 0.509059 0.556842 0.881295 0.214288 0.128331 0.218494
0.801056 0.605697 0.136291 0.497850 0.761326 0.047878 0.195904 0.795657 0.868807 0.932898 0.995777 0.045607
0.429365 0.676636 0.098884 0.265073 0.489189 0.705859 0.404775 0.452076 0.445563 0.591985 0.742339 0.351587
0.965717 0.114497 0.544802 0.415671 0.821767 0.432450 0.568747 0.482078 0.110601 0.266502 0.072732 0.861460
0.322079 0.626174 0.464034 0.608129 0.232527 0.925499 0.932131 0.077791 0.508382 0.456314 0.913220 0.552727
0.414653 0.745931 0.320873 0.034358 0.344016 0.865279 0.866751 0.113260 0.160432 0.338590 0.339444 0.899657
0.110689 0.555990 0.902321 0.036707 0.346594 0.863628 0.402226 0.997111 0.062582 0.995169 0.160863 0.842272
0.044294 0.464044 0.795950 0.052738 0.330772 0.159049 0.399843 0.104523 0.737172 0.987138 0.394718 0.664901
0.821348 0.829117 0.458941 0.382301 0.288772 0.407568 0.960374 0.855149 0.355726 0.183893 0.513234 0.860813
0.741719 0.485753 0.526870 0.750844 0.517844 0.685175 0.281582 0.603427 0.846805 0.694868 0.982211 0.653944
0.927454 0.511117 0.973330 0.740465 0.873977 0.319199 0.615557 0.854220 0.508171 0.436684 0.884691 0.132595
0.922947 0.057071 0.469896 0.356868 0.216900 0.562439 0.332131 0.059710 0.183805 0.665305 0.560591 0.502452
0.834981 0.465234 0.753966 0.847001 0.932140 0.144190 0.436011 0.227457 0.793471 0.506084 0.041238 0.558764
0.220870 0.202714 0.655261 0.734530 0.694376 0.767347 0.975163 0.849723 0.653034 0.115537 0.771826 0.932223
0.733459 0.237454 0.550728 0.005696 0.683842 0.526421 0.634257 0.476116 0.470592 0.028871 0.999901 0.933484
0.758473 0.967252 0.663728 0.155471 0.740635 0.862270 0.303504 0.780016 0.617353 0.701482 0.017702 0.877993
0.622129 0.690289 0.038603 0.143403 0.832005 0.732546 0.362854 0.637918 0.067761 0.029256 0.601027 0.056491
0.015037 0.463545 0.422582 0.106643 0.205264 0.714551 0.110360 0.850980 0.010691 0.555707 0.587340 0.122278
0.958797 0.592511 0.141433 0.659889 0.953200 0.355929 0.334538 0.139917 0.270319 0.364817 0.155209 0.024064
0.382649 0.333594 0.920207 0.806062 0.910838 0.153227 0.947573 0.695731 0.861476 0.490082 0.767072 0.578584
0.304226 0.761864 0.737134 0.651654 0.660712 0.207564 0.555772 0.428721 0.133575 0.773108 0.961944 0.182459
0.377841 0.974951 0.062559 0.924841 0.097151 0.461649 0.808117 0.740205 0.443428 0.750492 0.401060 0.289043
0.669241 0.976922 0.601633 0.500687 0.689835 0.144929 0.367543 0.285459 0.142601 0.213465 0.979943 0.437481
0.017309 0.055449 0.969840 0.407217 0.527270 0.562155 0.105314 0.063811 0.767222 0.613837 0.045925 0.764683
0.704681 0.320902 0.520150 0.887936 0.103105 0.516814 0.548579 0.828485 0.191191 0.687791 0.097818 0.974101
0.012832 0.851650 0.091767 0.924149 0.498973 0.357709 0.841786 0.886138 0.967978 0.606548 0.130053 0.689988
0.961383 0.522544 0.484203 0.046542 0.969883 0.778979 0.724297 0.013712 0.771901 0.626054 0.166063 0.181601
0.489576 0.210948 0.689008 0.693089 0.119615 0.472056 0.717124 0.873555 0.922732 0.464283 0.446223 0.167788
0.938653 0.470289 0.606942 0.253055 0.427880 0.830948 0.412186 0.932831 0.496865 0.564277 0.065006 0.404423
0.150554 0.234076 0.698032 0.650820 0.089187 0.949210 0.339710 0.510273 0.922889 0.736105 0.194030 0.407705
0.689499 0.140792 0.961883 0.899208 0.315143 0.934670 0.376775 0.004516 0.483782 0.032512 0.221069 0.511121
0.707632 0.618605 0.051130 0.732297 0.814384 0.358409 0.038613 0.826038 0.776452 0.369383 0.536031 0.026897
0.365726 0.152743 0.970588 0.452461 0.207192 0.369828 0.881074 0.388191 0.206432 0.712626 0.535257 0.436818
0.545413 0.510301 0.329463 0.633604 0.650246 0.282656 0.660134 0.292165 0.159342 0.129836 0.869938 0.818294
0.475333 0.703432 0.470115 0.173717 0.510111 0.167417 0.659945 0.267983 0.470594 0.794422 0.986174 0.097010
0.839934 0.380780 0.935106 0.130101 0.402109 0.746174 0.789404 0.607383 0.874555 0.173631 0.572061 0.871641
0.051317 0.332148 0.709018 0.275831 0.041877 0.497860 0.399263 0.167185 0.403277 0.752590 0.458089 0.927626
0.415546 0.553749 0.530126 0.562766 0.835199 0.276643 0.916834 0.816443 0.294476 0.113133 0.644785 0.012896
0.844720 0.063242 0.675194 0.427461 0.219988 0.739776 0.677380 0.807056 0.278213 0.373084 0.943150 0.554871
0.507186 0.102432 0.699326 0.712184 0.654767 0.261401 0.354728 0.815167 0.040773 0.905238 0.202629 0.448791
0.054129 0.170022 0.462864 0.989821 0.791607 0.302214 0.965760 0.570444 0.846902 0.197066 0.724002 0.098557
0.038215 0.228972 0.742917 0.782481 0.851210 0.614801 0.875890 0.886772 0.481364 0.466199 0.316352 0.557323
0.061140 0.387980 0.988797 0.437304 0.483524 0.120369 0.381820 0.367731 0.061911 0.104495 0.239630 0.015213
0.635746 0.885658 0.015158 0.145462 0.448440 0.748654 0.842586 0.825516 0.774940 0.486083 0.406165 0.922619
0.940381 0.385051 0.652271 0.020392 0.080770 0.049297 0.856704 0.097847 0.436733 0.638603 0.971119 0.660936
0.836313 0.999120 0.862900 0.780818 0.854251 0.042918 0.433331 0.632296 0.302605 0.736871 0.548379 0.174264
0.465497 0.249963 0.333224 0.594860 0.822001 0.905095 0.882548 0.800199 0.487402 0.520055 0.282414 0.663823
0.751498 0.371122 0.601650 0.756640 0.061118 0.916172 0.782567 0.399356 0.789461 0.635765 0.297915 0.903295
0.732832 0.765268 0.683908 0.290790 0.399043 0.322060 0.199835 0.290880 0.622362 0.456482 0.057002 0.728705
0.835192 0.522942 0.839427 0.402612 0.431413 0.677791 0.871235 0.636483 0.706076 0.380298 0.219013 0.230259
0.047129 0.804040 0.309927 0.980199 0.382408 0.092783 0.960698 0.800343 0.401187 0.790709 0.467124 0.259101
0.423155 0.698709 0.219834 0.266535 0.044736 0.767330 0.590472 0.787346 0.233676 0.924593 0.882552 0.446486
0.145969 0.608150 0.622973 0.153214 0.032307 0.505465 0.566786 0.686431 0.287569 0.739328 0.536426 0.001254
0.117369 0.970866 0.114870 0.184228 0.895223 0.759748 0.809761 0.560855 0.531037 0.770507 0.075762 0.072177
0.299127 0.747126 0.048773 0.954757 0.689581 0.766049 0.367687 0.488051 0.956095 0.477849 0.563819 0.802200
0.628437 0.014349 0.284055 0.560503 0.906886 0.514575 0.368014 0.059150 0.112756 0.045272 0.858804 0.392507
0.441129 0.178677 0.134201 0.737410 0.540451 0.305798 0.082680 0.515960 0.153237 0.126213 0.311792 0.927935
0.470110 0.061982 0.890046 0.429145 0.517423 0.329588 0.624799 0.659612 0.487534 0.034684 0.764242 0.274315
0.700257 0.291742 0.821546 0.470379 0.265176 0.305483 0.331365 0.424245 0.682039 0.888427 0.299620 0.009477
0.520173 0.979651 0.390093 0.933122 0.178920 0.248946 0.406509 0.455234 0.619447 0.075674 0.201595 0.213349
0.824767 0.249396 0.613033 0.842573 0.735277 0.624803 0.451225 0.877998 0.695431 0.607450 0.986468 0.796786
0.385429 0.771880 0.892587 0.775787 0.870689 0.782828 0.966557 0.942085 0.910537 0.303423 0.424899 0.454998
0.309111 0.046103 0.121090 0.873317 0.733922 0.610384 0.962655 0.068874 0.296224 0.658536 0.399262 0.253173
0.058216 0.203655 0.662210 0.225802 0.574310 0.803624 0.730959 0.996939 0.300173 0.277403 0.616541 0.003389
0.789535 0.886548 0.007328 0.669500 0.216565 0.380968 0.295784 0.679007 0.678756 0.202030 0.972587 0.624036
