0.376931 0.992280 0.113072 0.208278 0.139913 0.738345 0.307879 0.795681 0.513392 0.138638 0.824624 0.376284
0.956272 0.067160 0.692218 0.882825 0.810717 0.241266 0.395554 0.495770 0.729435 0.755431 0.855797 0.876961
0.260607 0.357970 0.376756 0.533399 0.520925 0.581206 0.850446 0.452691 0.880008 0.387733 0.009889 0.565089
0.759002 0.293295 0.856867 0.461568 0.985350 0.173415 0.270700 0.225016 0.696588 0.286991 0.313717 0.622044
0.171131 0.401670 0.980495 0.616399 0.457836 0.543025 0.340753 0.707328 0.398432 0.117760 0.935694 0.151152
0.917514 0.888265 0.690596 0.737992 0.107896 0.284109 0.382406 0.301030 0.612110 0.275302 0.225062 0.852481
0.018349 0.968243 0.907230 0.390838 0.894952 0.702731 0.099755 0.784566 0.297714 0.237742 0.113284 0.084399
0.720335 0.796702 0.901047 0.280612 0.573264 0.270368 0.606636 0.872527 0.729575 0.484607 0.516150 0.980681
0.005379 0.969726 0.250910 0.816101 0.947974 0.017836 0.306647 0.598715 0.010789 0.957680 0.804093 0.198177
0.133198 0.884775 0.256060 0.384916 0.203699 0.281688 0.302937 0.590708 0.711329 0.691768 0.155474 0.247376
0.153376 0.754885 0.058416 0.776922 0.160303 0.705166 0.207904 0.151229 0.866597 0.836598 0.235432 0.289614
0.896069 0.397378 0.406392 0.398380 0.852186 0.074930 0.439977 0.224395 0.671695 0.905943 0.416010 0.255887
0.486551 0.679337 0.931477 0.995152 0.825249 0.138951 0.859478 0.047002 0.057903 0.720708 0.423383 0.043094
0.357609 0.416781 0.406470 0.960653 0.004486 0.386148 0.694891 0.776974 0.349038 0.685544 0.400608 0.947648
0.984469 0.037528 0.198268 0.932533 0.328079 0.970941 0.165932 0.093784 0.042327 0.260890 0.870124 0.795569
0.237140 0.682044 0.063743 0.212573 0.538720 0.948263 0.431880 0.598874 0.964821 0.456915 0.600987 0.783606
0.304473 0.983075 0.286271 0.141004 0.995440 0.531179 0.083498 0.928461 0.269877 0.492018 0.607481 0.723008
0.367738 0.120096 0.326746 0.554687 0.338723 0.543238 0.072494 0.281435 0.592447 0.903256 0.955891 0.445252
0.671615 0.619591 0.104421 0.370763 0.347071 0.994922 0.370539 0.519975 0.831995 0.358704 0.969309 0.109441
0.769753 0.153276 0.475345 0.667935 0.893001 0.524404 0.687069 0.165087 0.191528 0.423001 0.958184 0.724943
0.047549 0.658898 0.493387 0.258528 0.657820 0.095855 0.174504 0.374565 0.226588 0.278424 0.355819 0.936024
0.939950 0.924784 0.042814 0.904739 0.614423 0.976579 0.032092 0.159839 0.247416 0.862950 0.948250 0.847069
0.195558 0.044156 0.954406 0.450037 0.575394 0.226835 0.121009 0.759093 0.191665 0.616532 0.658659 0.099644
0.050521 0.154359 0.724845 0.569749 0.043811 0.197342 0.181132 0.217509 0.302333 0.371445 0.938650 0.042367
0.127600 0.505458 0.887109 0.865170 0.694861 0.656198 0.072987 0.967526 0.301292 0.709365 0.416837 0.560578
0.591651 0.949788 0.281810 0.492987 0.458982 0.059859 0.338598 0.666889 0.897485 0.988529 0.120632 0.344873
0.039432 0.538328 0.777439 0.974783 0.516432 0.080908 0.372345 0.489922 0.510973 0.126891 0.592419 0.586157
0.188293 0.989200 0.212180 0.524643 0.254182 0.001029 0.762107 0.556886 0.081934 0.636553 0.345261 0.043663
0.454934 0.951510 0.951305 0.615628 0.946391 0.092412 0.477454 0.213984 0.625024 0.457056 0.797814 0.316999
0.316214 0.333388 0.814723 0.441433 0.945404 0.067594 0.372110 0.318549 0.616604 0.281682 0.083388 0.022312
0.688051 0.097356 0.238628 0.271235 0.977201 0.242675 0.000616 0.987776 0.370348 0.635117 0.155573 0.788940
0.785437 0.550298 0.462364 0.046646 0.550962 0.564745 0.717553 0.274281 0.050154 0.262325 0.066947 0.127704
0.587168 0.091591 0.079679 0.338955 0.557129 0.232139 0.131801 0.323361 0.938934 0.473426 0.497873 0.801615
0.388548 0.859639 0.907116 0.009646 0.977494 0.890950 0.298443 0.128292 0.277908 0.042539 0.597457 0.165472
0.865068 0.392450 0.071295 0.777193 0.372786 0.839708 0.187312 0.652189 0.223914 0.219181 0.337693 0.707988
0.455018 0.890752 0.061592 0.708493 0.803855 0.595826 0.458959 0.072086 0.871327 0.679747 0.456962 0.503687
0.789424 0.714561 0.768883 0.310967 0.181654 0.166977 0.072876 0.186546 0.181051 0.717295 0.752609 0.382311
0.451834 0.416483 0.864581 0.504849 0.943093 0.694275 0.010535 0.541825 0.647955 0.436493 0.747221 0.226686
0.069437 0.967606 0.367592 0.521841 0.009743 0.257581 0.140935 0.746164 0.310896 0.382752 0.559597 0.817517
0.093045 0.027829 0.075085 0.611831 0.445723 0.485976 0.512270 0.456820 0.998693 0.559963 0.113633 0.130860
0.381126 0.872012 0.729772 0.721460 0.380154 0.557611 0.836330 0.815649 0.065199 0.825197 0.208107 0.041541
0.757997 0.892875 0.572856 0.665697 0.372447 0.102918 0.238241 0.892172 0.009715 0.149148 0.024284 0.371489
0.996963 0.900659 0.979043 0.292012 0.724550 0.922845 0.499290 0.306725 0.564607 0.839479 0.883788 0.308325
0.806840 0.298633 0.369663 0.202346 0.104215 0.144175 0.773535 0.987593 0.661041 0.825691 0.459515 0.271039
0.286998 0.857853 0.142409 0.400774 0.953204 0.304162 0.456411 0.089828 0.168308 0.171440 0.356531 0.553411
0.973373 0.190098 0.565603 0.817697 0.390434 0.631379 0.630443 0.843131 0.909518 0.643565 0.165979 0.768541
0.564304 0.609136 0.981096 0.512928 0.633636 0.545262 0.777109 0.067220 0.891962 0.549675 0.542424 0.580820
0.939132 0.509875 0.153862 0.805274 0.616683 0.677487 0.894986 0.105687 0.525413 0.406740 0.502109 0.787926
0.656466 0.327755 0.457642 0.301746 0.230329 0.083700 0.116913 0.473230 0.041005 0.102993 0.925053 0.771501
0.742876 0.311869 0.298203 0.032046 0.610615 0.794552 0.636784 0.913276 0.071924 0.869885 0.324752 0.309529
0.934379 0.028859 0.753218 0.442324 0.644461 0.132457 0.426182 0.739214 0.309527 0.398565 0.384044 0.112962
0.555124 0.965880 0.232039 0.035115 0.528821 0.790136 0.997275 0.901474 0.810213 0.479628 0.462476 0.966973
0.433600 0.757513 0.166821 0.624662 0.426594 0.905100 0.950152 0.789874 0.638749 0.959047 0.133749 0.385596
0.725254 0.903581 0.618641 0.025172 0.901873 0.941667 0.017660 0.664247 0.847991 0.278757 0.441476 0.892486
0.847934 0.643763 0.289690 0.892006 0.252233 0.168574 0.407174 0.881077 0.203686 0.898331 0.683217 0.405418
0.199925 0.674560 0.188943 0.064469 0.134121 0.671315 0.232354 0.512091 0.148978 0.738241 0.281069 0.279664
0.169001 0.366722 0.221714 0.221829 0.370634 0.191664 0.037323 0.723266 0.102912 0.521630 0.015734 0.086672
0.299243 0.615940 0.005531 0.976587 0.531470 0.122370 0.449158 0.497807 0.742701 0.640798 0.707598 0.457495
0.361744 0.613133 0.638887 0.103410 0.128455 0.052097 0.946724 0.495740 0.587844 0.602476 0.553001 0.918448
0.608812 0.085327 0.662927 0.509036 0.649558 0.756656 0.519266 0.150419 0.259670 0.718271 0.610647 0.554057
0.844701 0.251621 0.965652 0.257769 0.859319 0.078342 0.396646 0.674467 0.245693 0.979044 0.928931 0.329945
0.198244 0.250788 0.321368 0.508654 0.282209 0.345699 0.939386 0.203915 0.418008 0.091920 0.849942 0.616633
0.773599 0.944770 0.090502 0.100993 0.168175 0.923514 0.627282 0.051122 0.627023 0.774873 0.070943 0.076523
0.616885 0.058395 0.296369 0.768788 0.178111 0.087079 0.727943 0.389067 0.230324 0.776549 0.880713 0.975363
0.508236 0.712885 0.059966 0.741410 0.557355 0.887315 0.698603 0.846567 0.710333 0.613484 0.852773 0.016095
0.014431 0.944347 0.878407 0.072543 0.081917 0.337011 0.366451 0.912642 0.377340 0.321239 0.058925 0.874725
0.359300 0.873612 0.546781 0.271520 0.919215 0.328229 0.567344 0.618574 0.674907 0.459993 0.083682 0.068470
0.680841 0.732749 0.139477 0.121420 0.808693 0.727906 0.514024 0.647424 0.389099 0.185425 0.673183 0.804314
0.101778 0.113191 0.728595 0.815285 0.297066 0.563550 0.169737 0.702875 0.910781 0.179624 0.229600 0.027508
0.378127 0.736371 0.422561 0.505749 0.504134 0.836453 0.478436 0.451364 0.683179 0.721594 0.878070 0.737839
0.001530 0.878788 0.191407 0.076295 0.451766 0.328510 0.723947 0.740767 0.786757 0.099780 0.973122 0.076439
0.987369 0.171563 0.637740 0.352765 0.601275 0.807455 0.120728 0.451485 0.527205 0.477430 0.448320 0.287611
0.506496 0.306376 0.478672 0.931206 0.570254 0.262558 0.232130 0.324553 0.844892 0.894689 0.480389 0.285284
0.106074 0.617894 0.217970 0.459754 0.211985 0.263304 0.216658 0.376353 0.252722 0.721550 0.436970 0.385233
0.060209 0.688168 0.313311 0.490772 0.654223 0.115563 0.725300 0.455406 0.843309 0.372335 0.884597 0.216664
0.897065 0.811792 0.597735 0.121607 0.738642 0.194885 0.039059 0.481316 0.379538 0.761674 0.021875 0.926271
0.637045 0.971384 0.395004 0.030942 0.539570 0.900189 0.354503 0.038252 0.891977 0.061078 0.813840 0.036079
0.223704 0.586650 0.826457 0.797117 0.648101 0.262950 0.591911 0.784513 0.906813 0.016154 0.070449 0.666374
0.179302 0.544390 0.208687 0.142168 0.458440 0.047268 0.941884 0.865919 0.189385 0.414454 0.619487 0.750452
0.796923 0.452710 0.752771 0.740555 0.262806 0.962097 0.861382 0.274861 0.133441 0.682819 0.358083 0.193694
0.295340 0.671401 0.385109 0.178882 0.332564 0.492992 0.337062 0.441009 0.990738 0.970508 0.419369 0.545229
0.406051 0.138776 0.858145 0.118443 0.640492 0.932223 0.273564 0.023492 0.719968 0.940091 0.069120 0.036977
0.715050 0.952916 0.764307 0.623058 0.348852 0.508529 0.736201 0.353307 0.996734 0.347431 0.616508 0.672009
0.940203 0.266531 0.464789 0.785387 0.631533 0.191629 0.853788 0.444583 0.220925 0.250471 0.376660 0.529066
0.173699 0.781218 0.595943 0.159867 0.008739 0.429013 0.452498 0.999010 0.261271 0.975218 0.357508 0.044589
0.620644 0.227577 0.954302 0.274247 0.226301 0.441318 0.236816 0.953458 0.901491 0.640822 0.791088 0.824701
0.629777 0.239803 0.558477 0.954957 0.220022 0.683021 0.271504 0.855389 0.562945 0.252513 0.802134 0.571857
0.225712 0.948232 0.566589 0.547389 0.280437 0.130145 0.945523 0.290230 0.790138 0.846583 0.793797 0.008329
0.267593 0.889601 0.441289 0.449996 0.345796 0.669399 0.070184 0.145080 0.280576 0.779806 0.444989 0.264048
0.841925 0.506514 0.263286 0.687133 0.623003 0.895090 0.720912 0.290322 0.671307 0.789646 0.696895 0.660313
0.028363 0.214411 0.933689 0.617872 0.078317 0.253450 0.019271 0.375734 0.813735 0.403876 0.790242 0.307590
0.616335 0.080009 0.367410 0.874852 0.894067 0.180884 0.020048 0.344119 0.758818 0.066561 0.334517 0.977800
0.211318 0.792093 0.489214 0.497202 0.810494 0.730560 0.757229 0.646339 0.049298 0.156395 0.576938 0.949693
0.494202 0.100113 0.800696 0.217719 0.092845 0.118995 0.697925 0.149591 0.362839 0.657241 0.473205 0.926326
0.077082 0.946924 0.460711 0.048925 0.845295 0.820286 0.248328 0.200793 0.155676 0.423766 0.047100 0.864329
0.397229 0.248214 0.073982 0.674473 0.708239 0.390487 0.155280 0.008384 0.892937 0.623904 0.456197 0.082975
0.799617 0.537382 0.880018 0.780703 0.287828 0.286217 0.708712 0.868643 0.598683 0.846640 0.819441 0.017253
0.001887 0.302560 0.897620 0.569521 0.933202 0.680980 0.686548 0.835022 0.295053 0.831322 0.827613 0.812038
0.835688 0.563104 0.242438 0.865291 0.764388 0.640540 0.038628 0.945784 0.084781 0.054204 0.196253 0.545612
0.126831 0.675663 0.083475 0.133508 0.513976 0.485948 0.873791 0.824082 0.148877 0.959619 0.285046 0.447277
0.586003 0.119912 0.568450 0.444563 0.985065 0.602451 0.055359 0.283237 0.767138 0.725459 0.029950 0.021400
0.076539 0.897609 0.459932 0.133582 0.060835 0.371095 0.350180 0.397796 0.587050 0.002960 0.840223 0.825220
0.763998 0.781764 0.188577 0.139010 0.200020 0.461871 0.867550 0.842254 0.061008 0.036353 0.424905 0.293867
0.734808 0.626623 0.176003 0.230657 0.389752 0.145576 0.665276 0.510391 0.765859 0.031652 0.081712 0.012397
0.484609 0.312220 0.983144 0.121950 0.146603 0.339376 0.253177 0.505163 0.550444 0.627533 0.465065 0.282593
0.842492 0.961946 0.510021 0.748173 0.242196 0.401060 0.689222 0.591608 0.821849 0.683778 0.914598 0.221723
0.546309 0.631477 0.746882 0.544817 0.142621 0.301831 0.513698 0.138268 0.425476 0.974176 0.616916 0.465804
0.816476 0.209583 0.055667 0.848080 0.038297 0.774927 0.097956 0.030851 0.297485 0.572490 0.777780 0.004313
0.586093 0.212742 0.410452 0.643666 0.463795 0.085711 0.369636 0.534932 0.685586 0.373338 0.154292 0.473030
0.238673 0.826159 0.776114 0.456662 0.244037 0.512610 0.456183 0.361132 0.340236 0.412535 0.769445 0.955505
0.983486 0.775501 0.175276 0.257719 0.602208 0.403565 0.556243 0.261897 0.791822 0.408575 0.038286 0.010516
0.983099 0.926404 0.399709 0.460285 0.577991 0.195737 0.845688 0.649538 0.238654 0.812836 0.415223 0.319774
0.082937 0.205856 0.044186 0.317099 0.756925 0.271480 0.916223 0.161575 0.467784 0.637239 0.113481 0.601043
0.741032 0.783410 0.359597 0.079351 0.946715 0.501235 0.909182 0.549258 0.778561 0.620715 0.430770 0.364398
0.042315 0.237982 0.770490 0.436747 0.583108 0.973186 0.427057 0.313074 0.859684 0.407536 0.368692 0.760955
0.242539 0.833517 0.984503 0.182483 0.973328 0.597358 0.379356 0.365655 0.049091 0.281043 0.522241 0.651820
0.179325 0.655027 0.535273 0.745804 0.135693 0.983394 0.331298 0.652389 0.145976 0.245800 0.812976 0.143115
0.485547 0.813809 0.327608 0.107764 0.641074 0.245837 0.631379 0.414513 0.714299 0.627846 0.426299 0.592222
0.647179 0.591075 0.716829 0.879118 0.959942 0.450275 0.873774 0.493926 0.019374 0.071938 0.366630 0.421129
0.507209 0.847372 0.280403 0.717189 0.987009 0.700944 0.451272 0.329428 0.487879 0.710396 0.526855 0.777149
0.421285 0.833700 0.955833 0.812464 0.367697 0.375044 0.710620 0.487877 0.223294 0.804002 0.103323 0.823927
0.682126 0.177313 0.486477 0.379283 0.797527 0.513111 0.164969 0.423951 0.038348 0.322292 0.867377 0.966886
0.694093 0.820342 0.033891 0.213165 0.819380 0.455799 0.168534 0.978957 0.492075 0.318656 0.867510 0.879496
0.214106 0.016736 0.666761 0.963882 0.555926 0.329386 0.702831 0.814271 0.505661 0.423072 0.446022 0.744433
0.070404 0.365009 0.832171 0.024316 0.630503 0.535423 0.621237 0.018749 0.814546 0.164827 0.326611 0.218378
0.755577 0.776173 0.587221 0.637997 0.122677 0.172415 0.683293 0.972301 0.623867 0.980880 0.825362 0.693076
0.860499 0.720803 0.186144 0.847621 0.577246 0.403574 0.619167 0.768994 0.788531 0.271569 0.745919 0.147217
0.295968 0.771130 0.331605 0.908003 0.273631 0.388170 0.226101 0.075439 0.525599 0.480607 0.641597 0.344856
0.893617 0.473849 0.557888 0.557389 0.184051 0.252138 0.479887 0.552161 0.924189 0.167515 0.488942 0.095052
0.540963 0.788874 0.204975 0.128625 0.746209 0.753855 0.070370 0.954352 0.110700 0.009546 0.522201 0.761396
0.427740 0.700407 0.235691 0.059079 0.140937 0.295154 0.509346 0.085756 0.116961 0.285834 0.072648 0.926433
0.188608 0.963760 0.472404 0.160609 0.419282 0.341260 0.285431 0.996186 0.520978 0.866713 0.243229 0.406507
0.352884 0.876640 0.884334 0.356062 0.222560 0.388183 0.217726 0.045431 0.381426 0.634329 0.136100 0.595318
0.491635 0.481456 0.081428 0.992261 0.038404 0.553060 0.318419 0.951078 0.882234 0.238307 0.473621 0.876813
0.603563 0.499251 0.478933 0.137112 0.697157 0.358689 0.744971 0.940284 0.530224 0.756123 0.252185 0.658170
0.394755 0.059891 0.064245 0.204744 0.529096 0.389306 0.867844 0.447937 0.847780 0.771162 0.251183 0.734242
0.663191 0.466582 0.863300 0.828413 0.757912 0.517870 0.286814 0.980525 0.749369 0.529564 0.525650 0.244973
0.492182 0.194226 0.191115 0.321877 0.391475 0.141320 0.485883 0.560875 0.497172 0.569988 0.442282 0.106823
0.638210 0.668754 0.597155 0.825846 0.395565 0.892653 0.188817 0.373189 0.143524 0.128901 0.214615 0.216631
0.464223 0.901231 0.711103 0.028692 0.899744 0.753175 0.244230 0.974762 0.528971 0.822801 0.225051 0.479860
0.238581 0.711086 0.133362 0.099240 0.402407 0.052034 0.524946 0.074219 0.486176 0.195418 0.670868 0.929876
0.488688 0.531885 0.185353 0.877931 0.878266 0.737081 0.020190 0.866288 0.690676 0.317260 0.939773 0.874940
0.496810 0.542714 0.186339 0.213602 0.077521 0.727529 0.501642 0.612503 0.860742 0.177125 0.116655 0.539344
0.757899 0.559331 0.739966 0.361850 0.109602 0.781163 0.394675 0.368460 0.935802 0.799421 0.782734 0.311092
0.003675 0.653404 0.898058 0.190251 0.337560 0.878860 0.588558 0.715357 0.070227 0.247459 0.694163 0.174648
0.676819 0.007209 0.609885 0.267665 0.904289 0.500031 0.726406 0.629537 0.823610 0.553451 0.885808 0.694165
0.679927 0.143895 0.408163 0.217982 0.246213 0.434362 0.008067 0.682341 0.177711 0.314296 0.979553 0.079930
0.930983 0.477988 0.258773 0.437023 0.651222 0.650317 0.802662 0.848313 0.883548 0.047197 0.287502 0.967986
0.847112 0.688580 0.850947 0.646450 0.254203 0.531444 0.593562 0.785895 0.216699 0.328297 0.626579 0.643047
0.543334 0.974808 0.353903 0.465431 0.762443 0.393859 0.452567 0.868968 0.530036 0.173555 0.420908 0.811947
0.108153 0.027037 0.439168 0.836968 0.191629 0.500078 0.082173 0.590176 0.684805 0.318505 0.604434 0.398827
0.572026 0.215369 0.248803 0.277889 0.488125 0.681182 0.942777 0.493362 0.120174 0.929396 0.482799 0.383008
0.171914 0.769858 0.237614 0.016847 0.401089 0.277569 0.425461 0.992741 0.350053 0.243479 0.941400 0.063384
0.616558 0.183827 0.482702 0.412752 0.814189 0.883319 0.212996 0.162690 0.227120 0.552642 0.258026 0.239704
0.666885 0.629097 0.354639 0.342411 0.781078 0.886003 0.527425 0.468562 0.951902 0.131134 0.604837 0.289502
0.072452 0.634421 0.970109 0.779778 0.302720 0.734721 0.856997 0.592424 0.231653 0.382123 0.227929 0.438754
0.506192 0.827896 0.065065 0.737125 0.321927 0.463318 0.102972 0.818713 0.387130 0.265213 0.766184 0.157092
0.610843 0.215373 0.440412 0.039156 0.249037 0.895657 0.683793 0.678938 0.648679 0.865054 0.482795 0.531293
0.150523 0.661762 0.745266 0.194356 0.383168 0.122679 0.722930 0.520766 0.656387 0.854912 0.424999 0.809475
0.827556 0.951766 0.463156 0.622061 0.240524 0.800780 0.040992 0.227015 0.348436 0.217781 0.986937 0.246509
0.387775 0.071065 0.408355 0.471580 0.060539 0.979416 0.259060 0.343365 0.326915 0.241089 0.167199 0.435479
0.613312 0.109179 0.127905 0.850557 0.121451 0.740270 0.147713 0.957141 0.645867 0.750190 0.523889 0.064780
0.985734 0.433074 0.292695 0.433141 0.735791 0.566982 0.379603 0.694929 0.131946 0.201617 0.387469 0.529505
0.719482 0.928877 0.898037 0.274965 0.172145 0.784045 0.212377 0.285107 0.300643 0.105740 0.116689 0.413672
0.584492 0.353607 0.684425 0.734581 0.401029 0.465580 0.643410 0.473507 0.895737 0.757031 0.098378 0.795249
0.976591 0.151090 0.682125 0.526375 0.410095 0.871449 0.437242 0.952155 0.341308 0.899584 0.574217 0.271509
0.012133 0.207810 0.071468 0.470247 0.159049 0.007258 0.514430 0.029092 0.437151 0.740126 0.310515 0.077636
0.552021 0.948128 0.746884 0.079725 0.883723 0.085134 0.460516 0.244694 0.536107 0.874937 0.608643 0.382181
0.869074 0.206152 0.690887 0.471213 0.590059 0.306683 0.873579 0.176696 0.903977 0.217176 0.430300 0.176755
0.426717 0.502135 0.965401 0.973708 0.828012 0.455052 0.249942 0.459226 0.116435 0.616792 0.208328 0.743140
0.515773 0.641462 0.380774 0.013990 0.931418 0.453020 0.715446 0.991240 0.979665 0.173820 0.678752 0.214672
0.652328 0.778538 0.926109 0.254189 0.958846 0.949820 0.185265 0.548081 0.291047 0.135133 0.867822 0.275358
0.908893 0.896870 0.384242 0.452680 0.450587 0.906274 0.166922 0.526414 0.230732 0.914909 0.844020 0.667017
0.888650 0.416426 0.618783 0.857663 0.320693 0.687035 0.009342 0.525530 0.987404 0.175610 0.627317 0.169188
0.664426 0.978364 0.020649 0.031561 0.484479 0.298657 0.373085 0.425704 0.991800 0.602333 0.003167 0.022031
0.827887 0.261977 0.755673 0.666431 0.210388 0.121187 0.775221 0.090220 0.349842 0.577987 0.730011 0.578064
0.370905 0.105168 0.212803 0.020082 0.056456 0.767397 0.923430 0.473560 0.222188 0.447388 0.174165 0.379961
0.679362 0.612944 0.586748 0.490839 0.449294 0.381257 0.616161 0.346210 0.720862 0.351598 0.141851 0.713251
0.215183 0.638765 0.175558 0.540456 0.839191 0.398015 0.752071 0.897170 0.889350 0.466803 0.853097 0.705234
0.367321 0.484466 0.463799 0.603506 0.739854 0.309389 0.448936 0.497299 0.970869 0.258056 0.999286 0.545786
0.139095 0.228217 0.602414 0.667061 0.912236 0.223887 0.989555 0.149584 0.497308 0.038937 0.565819 0.615211
0.435834 0.786021 0.658123 0.523891 0.054104 0.165009 0.687115 0.663065 0.330511 0.403180 0.985127 0.087109
0.876024 0.939883 0.961519 0.142347 0.514853 0.947165 0.066963 0.091338 0.794853 0.289941 0.046857 0.575143
0.390358 0.933159 0.565569 0.740839 0.170122 0.838754 0.473816 0.758542 0.871871 0.911426 0.306330 0.146462
0.221347 0.152647 0.468320 0.413094 0.142018 0.093467 0.961437 0.725393 0.829996 0.191422 0.613651 0.774149
0.828279 0.314576 0.052105 0.040964 0.839643 0.582849 0.078293 0.918807 0.997258 0.748701 0.871993 0.583689
0.307579 0.675408 0.483556 0.316420 0.898575 0.679232 0.913574 0.989154 0.375640 0.733392 0.875107 0.707906
0.591928 0.900656 0.574899 0.385398 0.408615 0.682257 0.797055 0.602032 0.568335 0.699499 0.814391 0.785878
0.883576 0.634283 0.625878 0.994251 0.281239 0.682925 0.706514 0.105825 0.051509 0.953562 0.806779 0.641949
0.295291 0.851340 0.767408 0.436206 0.060015 0.520867 0.877789 0.346151 0.877974 0.485699 0.192263 0.519764
0.859586 0.931435 0.706029 0.684391 0.598790 0.180590 0.382590 0.812701 0.188624 0.980882 0.826361 0.296719
0.923142 0.236226 0.918873 0.304116 0.204497 0.601114 0.013481 0.412935 0.930983 0.710874 0.238195 0.380598
0.729060 0.708207 0.070291 0.026099 0.628735 0.757080 0.671819 0.864043 0.187914 0.501602 0.500111 0.958773
0.849960 0.793025 0.599267 0.914854 0.775229 0.037666 0.390709 0.205701 0.526021 0.296946 0.697906 0.140662
0.241874 0.107838 0.328944 0.812868 0.441537 0.334854 0.598282 0.837818 0.399076 0.580559 0.956423 0.542934
0.078595 0.175231 0.945319 0.406510 0.270938 0.525961 0.796361 0.841866 0.610634 0.430502 0.970661 0.228735
0.206580 0.345150 0.700319 0.579678 0.320804 0.769683 0.477449 0.962772 0.874864 0.066521 0.290487 0.808434
0.799630 0.250553 0.355302 0.979289 0.657027 0.276676 0.076548 0.418725 0.425736 0.092382 0.308639 0.292859
0.823903 0.239045 0.510152 0.981795 0.798427 0.789446 0.700295 0.437640 0.302155 0.060069 0.171676 0.710205
0.331680 0.966370 0.027873 0.199894 0.905632 0.292959 0.676078 0.743144 0.217346 0.879180 0.201992 0.911480
0.560764 0.337430 0.573461 0.435806 0.027046 0.216718 0.734336 0.283138 0.391590 0.727201 0.097663 0.320965
0.722918 0.561417 0.968285 0.195836 0.573388 0.032939 0.454732 0.198853 0.669158 0.239013 0.371281 0.778818
0.899219 0.631238 0.414619 0.755581 0.516100 0.660266 0.173608 0.194742 0.565160 0.330428 0.037994 0.100249
0.395123 0.975117 0.733941 0.691601 0.803297 0.752904 0.988337 0.165644 0.256137 0.241857 0.828919 0.981472
0.088902 0.217067 0.039026 0.229433 0.677322 0.419500 0.750880 0.853733 0.169297 0.162796 0.530864 0.589434
0.732347 0.580729 0.030574 0.217494 0.603960 0.913248 0.628672 0.998592 0.615554 0.226332 0.850911 0.346813
0.664315 0.386949 0.123301 0.996462 0.834052 0.419028 0.864925 0.733318 0.217925 0.974701 0.314835 0.130760
0.383677 0.373420 0.967623 0.833004 0.726297 0.666554 0.539866 0.493981 0.870523 0.161427 0.459716 0.956779
0.559409 0.349253 0.752682 0.337591 0.557054 0.151221 0.121574 0.125292 0.647042 0.343186 0.194110 0.709749
0.980017 0.170656 0.869035 0.848910 0.811602 0.450438 0.711343 0.435662 0.438022 0.413612 0.514714 0.919570
0.211686 0.719331 0.966258 0.932073 0.150228 0.344038 0.141610 0.977093 0.488484 0.011680 0.799600 0.886018
0.253704 0.322922 0.501187 0.034039 0.261465 0.060382 0.071097 0.484481 0.356470 0.460775 0.816055 0.344422
0.409272 0.239506 0.505172 0.559135 0.422169 0.101442 0.493965 0.802989 0.425671 0.220881 0.037686 0.923437
0.001631 0.673627 0.857156 0.002091 0.831651 0.324878 0.202873 0.139430 0.402115 0.255218 0.479303 0.967818
0.420529 0.458520 0.102703 0.073372 0.348014 0.675498 0.985908 0.753709 0.343895 0.363412 0.063839 0.944140
0.729724 0.016862 0.622319 0.413198 0.228872 0.327580 0.504365 0.823401 0.773660 0.594706 0.205333 0.076231
0.433042 0.891412 0.037321 0.422424 0.940454 0.044798 0.937248 0.901163 0.160057 0.701460 0.569941 0.897276
0.980646 0.569460 0.073894 0.482275 0.685336 0.413302 0.110087 0.810963 0.442107 0.941020 0.447395 0.793836
0.128301 0.520534 0.266964 0.611238 0.924213 0.173218 0.486652 0.869180 0.420394 0.836844 0.454604 0.018497
0.710779 0.784824 0.666763 0.821624 0.041258 0.677344 0.188724 0.525157 0.460724 0.435084 0.880272 0.497351
0.300372 0.072702 0.633650 0.055617 0.827124 0.911457 0.815274 0.577842 0.330671 0.443852 0.336912 0.931094
0.683300 0.294423 0.022794 0.563347 0.346570 0.549449 0.298297 0.018193 0.155266 0.810114 0.861130 0.415889
0.813063 0.705697 0.226354 0.581733 0.836964 0.712634 0.846616 0.896046 0.293889 0.914500 0.493990 0.766519
0.396258 0.613935 0.462535 0.314036 0.081167 0.683886 0.763597 0.578812 0.604001 0.598012 0.149516 0.904172
0.554707 0.092358 0.875422 0.036809 0.224019 0.055067 0.101209 0.678443 0.897763 0.364568 0.498845 0.531818
0.560300 0.486238 0.312575 0.681012 0.503925 0.512588 0.499972 0.995790 0.060921 0.543717 0.580642 0.268133
0.724683 0.527614 0.331346 0.604342 0.442631 0.414956 0.028609 0.991915 0.155769 0.641758 0.218391 0.874491
0.323536 0.739207 0.258645 0.688304 0.511716 0.557588 0.960707 0.330215 0.189326 0.478012 0.442247 0.139617
0.478952 0.424857 0.956083 0.232555 0.445830 0.126190 0.139702 0.518876 0.167318 0.132808 0.181126 0.790978
0.808252 0.802336 0.694766 0.851976 0.290630 0.010970 0.809747 0.831747 0.125823 0.302351 0.286947 0.310532
0.207830 0.187217 0.791832 0.689602 0.267382 0.380254 0.956247 0.686308 0.479771 0.493122 0.767717 0.354495
0.961225 0.818029 0.888184 0.946099 0.266236 0.040530 0.600341 0.200529 0.803931 0.162507 0.086803 0.030166
0.682751 0.467762 0.943179 0.493895 0.025151 0.623684 0.574764 0.456682 0.647860 0.814966 0.194425 0.129591
0.299267 0.442924 0.914850 0.960010 0.714518 0.333163 0.570007 0.467217 0.914506 0.242643 0.448554 0.861651
0.449793 0.579845 0.982735 0.811999 0.306100 0.619676 0.280486 0.107311 0.581774 0.391525 0.090025 0.168213
0.941424 0.639472 0.045842 0.588757 0.660094 0.298144 0.519965 0.893621 0.017653 0.543751 0.818582 0.482807
0.523336 0.447660 0.830077 0.110871 0.044593 0.101980 0.370715 0.951243 0.637458 0.699883 0.369023 0.970942
0.810340 0.520475 0.721145 0.706199 0.592024 0.605799 0.818599 0.784890 0.495605 0.069509 0.245308 0.431352
0.246394 0.562183 0.857510 0.959688 0.723464 0.030767 0.043405 0.489088 0.867644 0.073887 0.218557 0.525271
0.127180 0.375362 0.979599 0.953210 0.051997 0.089636 0.185837 0.922771 0.269452 0.479179 0.960128 0.263867
0.608604 0.775003 0.531006 0.807605 0.848418 0.940309 0.720160 0.399697 0.911447 0.950227 0.814825 0.110112
0.542883 0.208034 0.994377 0.324257 0.526505 0.726741 0.935807 0.487474 0.413753 0.177458 0.751905 0.544131
0.564956 0.499224 0.668141 0.342862 0.618285 0.072874 0.186948 0.857093 0.715669 0.338099 0.763526 0.277546
0.100132 0.243959 0.135615 0.322646 0.619034 0.947688 0.198403 0.038950 0.946621 0.730192 0.044691 0.669848
0.777647 0.335039 0.999871 0.499754 0.894486 0.408370 0.140988 0.520396 0.382371 0.496861 0.806701 0.779749
0.649872 0.243357 0.696217 0.589710 0.209051 0.762255 0.653424 0.215349 0.186324 0.027733 0.194131 0.391630
0.284119 0.974770 0.541133 0.544284 0.593444 0.412682 0.640707 0.748439 0.585556 0.125043 0.413811 0.895170
0.319351 0.934157 0.262870 0.396087 0.853884 0.023552 0.640464 0.280494 0.838945 0.877418 0.811273 0.321000
0.730088 0.299183 0.063680 0.029171 0.749854 0.589075 0.869812 0.725766 0.458940 0.974475 0.081125 0.639473
0.273220 0.593440 0.930842 0.412454 0.222329 0.159527 0.755300 0.160692 0.731827 0.221061 0.520977 0.809262
0.029289 0.099175 0.499336 0.952299 0.387466 0.180094 0.964048 0.196205 0.143763 0.720201 0.713004 0.821758
0.384357 0.214647 0.044196 0.579279 0.727745 0.412323 0.100154 0.126627 0.045416 0.990861 0.669059 0.808945
0.008981 0.005565 0.685647 0.979297 0.575983 0.217763 0.454437 0.833398 0.357928 0.681714 0.795281 0.105127
0.819750 0.543170 0.523299 0.275145 0.624214 0.365825 0.263591 0.540557 0.344093 0.259835 0.426450 0.554693
0.282646 0.577961 0.268911 0.004587 0.856637 0.820870 0.202466 0.536884 0.813536 0.134389 0.217878 0.960017
0.153428 0.498332 0.744561 0.219285 0.977386 0.700431 0.799837 0.146291 0.243793 0.104837 0.588078 0.274056
0.990580 0.973012 0.215657 0.571146 0.319218 0.051105 0.850617 0.775785 0.379238 0.839647 0.033895 0.674805
0.040534 0.236375 0.995344 0.859862 0.635231 0.863442 0.579958 0.471945 0.504881 0.734125 0.045553 0.857639
0.228999 0.822574 0.716600 0.643849 0.815933 0.059568 0.231967 0.693860 0.687634 0.111253 0.630812 0.863595
0.986761 0.274278 0.492525 0.539250 0.448944 0.678613 0.740117 0.356858 0.432810 0.970036 0.019295 0.876207
0.377659 0.434794 0.212107 0.126052 0.192617 0.330190 0.823929 0.328210 0.146376 0.527581 0.340402 0.781135
0.680993 0.145770 0.643104 0.546397 0.165551 0.919099 0.829187 0.009399 0.193265 0.723231 0.149387 0.362554
0.309179 0.444471 0.056063 0.761498 0.612862 0.491916 0.671460 0.948358 0.318353 0.110657 0.596221 0.944641
0.504150 0.882560 0.354218 0.194122 0.202505 0.028242 0.482783 0.517278 0.135595 0.270930 0.615889 0.199863
0.197993 0.565860 0.885173 0.465115 0.843464 0.478129 0.718343 0.918025 0.748323 0.324621 0.290201 0.225948
0.253636 0.098768 0.346104 0.651976 0.031916 0.092733 0.230166 0.092091 0.231372 0.519613 0.429834 0.109099
0.353480 0.644759 0.486730 0.446447 0.357636 0.229431 0.579229 0.862274 0.711804 0.244298 0.740829 0.799115
0.111313 0.327165 0.839019 0.636482 0.851492 0.268357 0.376322 0.805348 0.082194 0.704520 0.976596 0.530009
0.885678 0.957944 0.296013 0.595701 0.290024 0.148091 0.853871 0.851669 0.902319 0.228640 0.306096 0.723994
0.941862 0.863041 0.248698 0.369982 0.906468 0.254060 0.035775 0.575972 0.567378 0.744636 0.576551 0.452636
0.758228 0.036488 0.247516 0.563148 0.045777 0.853421 0.477497 0.639401 0.117331 0.262355 0.224101 0.152808
0.314681 0.194467 0.223529 0.750309 0.799570 0.521677 0.883261 0.259956 0.654963 0.309774 0.851344 0.447658
0.016547 0.677521 0.274159 0.292161 0.416004 0.342557 0.715327 0.502464 0.552794 0.134543 0.154393 0.261052
0.923904 0.108066 0.188577 0.584380 0.222600 0.273716 0.966535 0.156484 0.384372 0.594162 0.528718 0.962480
0.421876 0.462321 0.754718 0.713022 0.365845 0.242691 0.991004 0.546551 0.314848 0.177916 0.326897 0.114458
0.965392 0.049097 0.139143 0.168633 0.504284 0.359950 0.475301 0.179765 0.730593 0.283939 0.272152 0.078089
0.431376 0.393767 0.471535 0.762754 0.917235 0.890909 0.420127 0.056152 0.617883 0.861791 0.368186 0.683508
0.155969 0.324132 0.813060 0.314508 0.328724 0.649468 0.247089 0.406633 0.054574 0.389960 0.869894 0.111849
0.686173 0.584173 0.443694 0.616334 0.908838 0.554126 0.070645 0.585098 0.453030 0.489674 0.197888 0.629588
0.416284 0.863589 0.376363 0.994896 0.071890 0.453446 0.359649 0.982390 0.101282 0.332860 0.770685 0.281182
0.944005 0.606152 0.711984 0.209122 0.629487 0.828902 0.450275 0.981289 0.269588 0.272540 0.992604 0.790761
0.119517 0.118400 0.085757 0.556334 0.610907 0.224350 0.971597 0.556936 0.738159 0.713756 0.720345 0.170614
0.629760 0.546950 0.394708 0.045596 0.747352 0.899210 0.603050 0.036469 0.870515 0.964702 0.369627 0.627365
0.035692 0.147994 0.180950 0.578843 0.110008 0.723529 0.881860 0.461138 0.511868 0.406452 0.973074 0.356033
0.756379 0.412618 0.453070 0.310684 0.408718 0.299402 0.599969 0.758547 0.613712 0.196022 0.268797 0.128087
0.660377 0.339653 0.643802 0.509954 0.964388 0.009992 0.820118 0.682912 0.141834 0.451318 0.636396 0.886659
0.654034 0.219412 0.000971 0.173096 0.749664 0.449078 0.178425 0.227798 0.373315 0.032725 0.550858 0.071833
0.464380 0.372645 0.817091 0.608976 0.363068 0.494388 0.554118 0.861557 0.156848 0.043280 0.517566 0.324620
0.127416 0.642569 0.590081 0.738405 0.145638 0.666609 0.416392 0.005494 0.967431 0.501248 0.889354 0.350735
0.993616 0.789713 0.879706 0.692068 0.693594 0.605255 0.755995 0.570014 0.636351 0.950468 0.761822 0.382260
0.018598 0.172745 0.025142 0.359488 0.677071 0.365852 0.587878 0.603890 0.138172 0.254155 0.767014 0.707755
0.573993 0.297093 0.037905 0.974375 0.615752 0.790013 0.579891 0.078972 0.278549 0.879761 0.685669 0.358486
0.966182 0.514195 0.667490 0.652550 0.922248 0.788636 0.839921 0.909228 0.885096 0.578382 0.732816 0.090249
0.041756 0.294842 0.997061 0.731452 0.974469 0.974158 0.388789 0.883017 0.631980 0.797167 0.198998 0.968344
0.308613 0.585689 0.631726 0.068261 0.247097 0.381991 0.374661 0.353899 0.350389 0.918434 0.579541 0.872140
0.031284 0.391467 0.432382 0.952499 0.826259 0.541781 0.300713 0.091878 0.681810 0.885245 0.686084 0.600835
0.346897 0.127383 0.476168 0.456912 0.061093 0.647510 0.695351 0.571545 0.934067 0.930583 0.790685 0.685490
0.466763 0.152353 0.665117 0.300669 0.128911 0.715890 0.529154 0.294328 0.272047 0.127342 0.336840 0.019659
0.285163 0.527105 0.023441 0.711092 0.460977 0.377773 0.452430 0.931314 0.502136 0.419667 0.042315 0.344572
0.069895 0.755598 0.030058 0.073310 0.653787 0.115817 0.119965 0.673207 0.119169 0.367479 0.102684 0.860841
