0.273329 0.462931 0.926332 0.463018 0.076348 0.064794 0.536249 0.333941 0.159712 0.287437 0.773026 0.940430
0.754036 0.847637 0.146184 0.280710 0.964916 0.647159 0.120826 0.482727 0.318859 0.074520 0.566427 0.453879
0.658875 0.350289 0.233455 0.618258 0.980628 0.700420 0.324454 0.119114 0.619984 0.854223 0.813000 0.087249
0.363188 0.886297 0.599486 0.434564 0.626342 0.896044 0.153298 0.640720 0.499607 0.566964 0.813349 0.430853
0.656903 0.206629 0.461244 0.565766 0.528185 0.937585 0.704018 0.977950 0.212159 0.033199 0.891811 0.721212
0.825845 0.693497 0.253934 0.330780 0.597104 0.017439 0.979891 0.681128 0.501037 0.511570 0.833612 0.925024
0.071284 0.569304 0.386819 0.406651 0.744998 0.611950 0.106717 0.792633 0.740410 0.254861 0.989757 0.182678
0.887584 0.011789 0.046052 0.041834 0.048739 0.883944 0.272715 0.975677 0.462625 0.180975 0.113229 0.181336
0.007071 0.463422 0.371935 0.633721 0.579838 0.295020 0.935246 0.992442 0.106961 0.691622 0.980500 0.321541
0.625415 0.763090 0.815960 0.045563 0.587998 0.688927 0.768471 0.207715 0.788702 0.915858 0.825548 0.262434
0.928092 0.274825 0.500813 0.843789 0.638672 0.724836 0.016222 0.786644 0.035451 0.382829 0.355061 0.467647
0.729304 0.782727 0.155168 0.033212 0.775186 0.606255 0.877586 0.234645 0.149821 0.050966 0.570963 0.248009
0.229554 0.039834 0.366005 0.014004 0.362280 0.659606 0.301246 0.399498 0.695306 0.012422 0.501048 0.707678
0.095999 0.419192 0.785072 0.869933 0.975308 0.416125 0.832222 0.359748 0.508973 0.711243 0.349369 0.889498
0.321996 0.681517 0.458188 0.489850 0.900687 0.855893 0.676228 0.812761 0.049898 0.944276 0.339976 0.493350
0.567398 0.241626 0.454334 0.937747 0.562801 0.821710 0.191088 0.626722 0.927097 0.182793 0.042358 0.652610
0.114363 0.452455 0.358527 0.681043 0.272072 0.027540 0.854026 0.041706 0.252520 0.155975 0.109795 0.226847
0.126679 0.194685 0.824690 0.094474 0.372156 0.201162 0.945461 0.789948 0.660444 0.062632 0.076755 0.802146
0.518000 0.562928 0.648729 0.932351 0.266865 0.885592 0.235031 0.417169 0.996625 0.361845 0.226498 0.423644
0.217961 0.108929 0.072344 0.683129 0.872045 0.838032 0.844069 0.867118 0.278270 0.040775 0.235822 0.263672
0.961261 0.201016 0.520792 0.491861 0.606084 0.027347 0.989792 0.966016 0.926470 0.085970 0.900045 0.173074
0.543867 0.571968 0.972227 0.046339 0.541479 0.289469 0.259791 0.272313 0.300342 0.423946 0.254919 0.789535
0.261744 0.174497 0.592757 0.329001 0.840924 0.947863 0.226523 0.836576 0.897950 0.618635 0.013910 0.737196
0.953017 0.156631 0.352799 0.557948 0.964598 0.694075 0.781895 0.797271 0.079415 0.760740 0.411421 0.656131
0.226210 0.855489 0.566566 0.224150 0.775595 0.926295 0.598756 0.040593 0.822378 0.425610 0.555025 0.606564
0.794193 0.975686 0.821483 0.889082 0.910262 0.929251 0.991589 0.794434 0.664503 0.896405 0.684591 0.129807
0.553463 0.781997 0.919855 0.076566 0.551648 0.599677 0.668734 0.652742 0.349517 0.999067 0.094510 0.001731
0.607792 0.430388 0.068925 0.991988 0.659811 0.670657 0.268749 0.988908 0.841166 0.214477 0.872525 0.117421
0.363021 0.280707 0.518655 0.073907 0.313263 0.097495 0.375029 0.523616 0.526614 0.614994 0.372613 0.188836
0.926603 0.894790 0.649581 0.771094 0.465449 0.447264 0.784958 0.036471 0.213808 0.747653 0.921112 0.259059
0.589411 0.848778 0.061288 0.870448 0.868026 0.061919 0.142899 0.335379 0.443777 0.068600 0.407641 0.498350
0.241252 0.978992 0.661929 0.412949 0.757524 0.465018 0.619800 0.439283 0.643465 0.452718 0.876598 0.378298
0.698991 0.317497 0.770521 0.084195 0.935821 0.203797 0.481474 0.870682 0.876287 0.480932 0.143867 0.698369
0.365543 0.762546 0.506331 0.499260 0.697481 0.662826 0.506171 0.517849 0.856144 0.049628 0.031135 0.013396
0.382766 0.031332 0.754240 0.611053 0.994891 0.772112 0.511581 0.957726 0.502127 0.053093 0.170305 0.793566
0.559879 0.353546 0.451142 0.882828 0.773315 0.123547 0.127814 0.326012 0.428782 0.331573 0.477869 0.123376
0.790375 0.217571 0.866716 0.855025 0.109969 0.881406 0.821504 0.642323 0.972155 0.020881 0.214498 0.038809
0.056486 0.053586 0.879520 0.062221 0.992390 0.435308 0.900725 0.552871 0.037119 0.133797 0.496651 0.738358
0.850288 0.573519 0.678172 0.892392 0.066306 0.132926 0.627398 0.760165 0.712212 0.701720 0.698698 0.768770
0.596036 0.610158 0.639820 0.296514 0.404606 0.939955 0.028836 0.315084 0.149518 0.866940 0.428910 0.202825
0.505203 0.479404 0.794461 0.229825 0.095851 0.275126 0.881245 0.659390 0.125906 0.004596 0.455091 0.810353
0.326233 0.079974 0.528828 0.712049 0.150148 0.917862 0.209213 0.000925 0.046983 0.099932 0.016345 0.285346
0.691381 0.802982 0.662652 0.839740 0.673520 0.683511 0.863938 0.915807 0.384145 0.869595 0.885918 0.194524
0.673223 0.413569 0.116697 0.593426 0.972417 0.123656 0.307587 0.568795 0.089171 0.824113 0.112169 0.244716
0.479286 0.142725 0.774402 0.928638 0.584928 0.476263 0.925655 0.149158 0.908005 0.176173 0.888662 0.599578
0.442331 0.838284 0.293715 0.677831 0.008878 0.371841 0.447466 0.300328 0.488564 0.996325 0.877948 0.736165
0.570997 0.837362 0.965115 0.186428 0.036921 0.485995 0.426868 0.940935 0.717604 0.868521 0.905780 0.154347
0.224309 0.958217 0.029192 0.223092 0.477400 0.354415 0.087728 0.923079 0.114981 0.490840 0.767290 0.426248
0.063478 0.318257 0.680610 0.071446 0.160137 0.583912 0.059234 0.031776 0.558627 0.091157 0.077296 0.916437
0.407254 0.660556 0.036249 0.379819 0.228996 0.500406 0.704633 0.426828 0.588431 0.507892 0.723369 0.490179
0.771087 0.722568 0.148714 0.038567 0.219571 0.969119 0.447665 0.569194 0.513203 0.943315 0.498267 0.430596
0.758432 0.430205 0.869491 0.787620 0.932152 0.733974 0.250358 0.625445 0.487648 0.649031 0.513846 0.366186
0.347415 0.232838 0.946470 0.428030 0.819266 0.695214 0.957348 0.268160 0.077392 0.681364 0.473247 0.112520
0.517996 0.952674 0.289608 0.559167 0.760063 0.317280 0.435167 0.051659 0.745451 0.360143 0.340994 0.437987
0.374608 0.874502 0.190128 0.437688 0.626115 0.829361 0.077451 0.665654 0.066088 0.033959 0.623433 0.701350
0.380000 0.697105 0.121901 0.014771 0.892888 0.480618 0.709786 0.139069 0.549335 0.060012 0.225856 0.353530
0.540662 0.012483 0.595796 0.911168 0.432671 0.039951 0.105796 0.014807 0.845124 0.938504 0.133861 0.624519
0.062005 0.522656 0.829554 0.879863 0.237279 0.474085 0.569923 0.712767 0.548637 0.994856 0.031022 0.916004
0.473485 0.091170 0.431988 0.589896 0.961652 0.493071 0.222556 0.600127 0.216554 0.395592 0.118666 0.732812
0.821525 0.464170 0.751146 0.215811 0.641384 0.211407 0.518135 0.078647 0.227729 0.937451 0.416252 0.854477
0.838893 0.798605 0.644919 0.468900 0.541419 0.458774 0.895681 0.715097 0.549538 0.358402 0.379714 0.971009
0.807016 0.512484 0.287158 0.104212 0.600131 0.022290 0.967669 0.335797 0.704964 0.443527 0.290931 0.730209
0.787506 0.042829 0.358875 0.789726 0.382028 0.096047 0.253698 0.532727 0.070982 0.794323 0.836528 0.133149
0.796650 0.711600 0.229342 0.952426 0.032817 0.379216 0.115807 0.542157 0.169414 0.934638 0.534791 0.382032
0.624519 0.786885 0.893530 0.578842 0.618671 0.720118 0.356270 0.563883 0.887191 0.878469 0.002398 0.630578
0.826894 0.745306 0.869550 0.023385 0.627035 0.087343 0.296854 0.450444 0.029770 0.955150 0.316167 0.830871
0.319232 0.467332 0.541199 0.934614 0.643757 0.840080 0.694770 0.505142 0.745061 0.695459 0.085733 0.682550
0.643119 0.978595 0.708472 0.012304 0.399305 0.392226 0.091332 0.178086 0.401111 0.507845 0.073012 0.147837
0.666622 0.093236 0.959664 0.011293 0.324548 0.377482 0.677791 0.552650 0.060248 0.015025 0.804373 0.581041
0.115355 0.309673 0.063631 0.304950 0.036237 0.679008 0.846247 0.345717 0.206879 0.126232 0.427599 0.902049
0.000957 0.966108 0.570863 0.055821 0.571890 0.091446 0.589384 0.537324 0.150145 0.939233 0.046099 0.451042
0.821789 0.233343 0.366431 0.051988 0.211348 0.432732 0.541859 0.040841 0.586838 0.666327 0.308153 0.657089
0.967050 0.109955 0.445412 0.635059 0.785732 0.457250 0.905067 0.176468 0.269285 0.955339 0.681976 0.746094
0.735624 0.310780 0.534932 0.496432 0.072637 0.111000 0.718785 0.356924 0.309684 0.465885 0.476440 0.241978
0.086082 0.320324 0.990118 0.580824 0.146238 0.622365 0.461306 0.657691 0.574820 0.466016 0.070901 0.676585
0.822392 0.781891 0.386701 0.094589 0.212651 0.059385 0.800247 0.121973 0.202265 0.846302 0.736776 0.298433
0.982709 0.671966 0.065109 0.285513 0.707296 0.272088 0.581511 0.659148 0.992486 0.567173 0.868550 0.092848
0.289796 0.042834 0.248096 0.063824 0.647325 0.928245 0.591690 0.092871 0.238932 0.830731 0.225707 0.329829
0.573500 0.986926 0.540587 0.433324 0.481042 0.056870 0.178337 0.062906 0.360013 0.425915 0.799190 0.134896
0.975643 0.177899 0.069548 0.318124 0.513894 0.421688 0.463409 0.177930 0.286447 0.552428 0.732839 0.350999
0.583285 0.442792 0.179772 0.955563 0.564273 0.872842 0.183787 0.426299 0.526070 0.292801 0.131372 0.352108
0.476080 0.729217 0.597800 0.092624 0.957491 0.597176 0.040084 0.202910 0.913303 0.771250 0.489360 0.137787
0.885907 0.105425 0.202598 0.689791 0.758611 0.304578 0.473773 0.041079 0.791601 0.809359 0.187022 0.674608
0.969476 0.379129 0.858996 0.685088 0.476278 0.502522 0.197468 0.719615 0.696209 0.687519 0.061039 0.511125
0.306721 0.363690 0.675344 0.456483 0.676028 0.605686 0.811270 0.898586 0.878261 0.676199 0.401022 0.091243
0.729930 0.203896 0.462410 0.301492 0.323065 0.919097 0.367740 0.920305 0.989664 0.786254 0.808532 0.414703
0.827918 0.922869 0.592328 0.267118 0.138709 0.928167 0.149775 0.715352 0.215541 0.436899 0.161697 0.461705
0.819612 0.035395 0.206917 0.214297 0.302602 0.823859 0.457625 0.541304 0.211792 0.731930 0.515485 0.797025
0.683424 0.085039 0.664013 0.250762 0.737806 0.034730 0.685418 0.910994 0.437796 0.512518 0.025438 0.757102
0.405162 0.715695 0.467601 0.705474 0.548998 0.315916 0.641543 0.466919 0.757441 0.374420 0.347965 0.590503
0.123804 0.184881 0.137748 0.410292 0.558482 0.419071 0.877047 0.312256 0.192355 0.740594 0.125059 0.432232
0.887599 0.156488 0.404260 0.810961 0.304412 0.881775 0.953061 0.529569 0.872716 0.656241 0.040469 0.234315
0.226946 0.636275 0.306299 0.182776 0.213227 0.525014 0.079080 0.862736 0.993451 0.540150 0.749469 0.567502
0.785612 0.931003 0.481300 0.834899 0.832801 0.640204 0.509283 0.618961 0.919681 0.750139 0.276498 0.866909
0.802849 0.450272 0.469663 0.800069 0.882673 0.723437 0.020837 0.064325 0.921952 0.218630 0.858361 0.732584
0.456722 0.288918 0.639871 0.242965 0.891649 0.899317 0.401439 0.175598 0.198152 0.010360 0.961695 0.852251
0.291563 0.711286 0.336609 0.154236 0.810835 0.853483 0.408786 0.437697 0.139429 0.546209 0.486207 0.901436
0.068644 0.586880 0.473592 0.914625 0.039778 0.117183 0.710323 0.047810 0.996920 0.479534 0.646301 0.953965
0.516391 0.082383 0.730282 0.765777 0.357041 0.951143 0.534610 0.014450 0.857483 0.864755 0.601302 0.383997
0.043933 0.814872 0.536093 0.198302 0.547618 0.251803 0.896609 0.698858 0.479091 0.056604 0.998507 0.532380
0.867885 0.396623 0.994278 0.654800 0.187802 0.717109 0.589712 0.468560 0.305868 0.255758 0.000262 0.571090
0.391065 0.983925 0.337439 0.940072 0.503945 0.634971 0.639800 0.794462 0.284964 0.517096 0.119818 0.129227
0.129315 0.969993 0.722181 0.537033 0.097392 0.139521 0.064967 0.295521 0.519931 0.307577 0.684001 0.823123
0.086833 0.401730 0.681243 0.877333 0.827264 0.771297 0.237966 0.494022 0.575944 0.973118 0.695585 0.130494
0.529322 0.186702 0.140367 0.020401 0.519677 0.061478 0.506356 0.268212 0.588109 0.164664 0.179358 0.718028
0.481293 0.724986 0.978894 0.895161 0.118582 0.746907 0.823752 0.309773 0.882528 0.483019 0.647505 0.952995
0.780655 0.436444 0.582689 0.807243 0.930622 0.697806 0.960441 0.879683 0.013198 0.296893 0.197781 0.585797
0.108525 0.000548 0.741357 0.412562 0.786007 0.896442 0.216302 0.623051 0.112437 0.696211 0.094454 0.205532
0.595720 0.297407 0.756374 0.988706 0.501917 0.270414 0.890281 0.332753 0.895780 0.842754 0.949374 0.221450
0.860181 0.498979 0.675635 0.466760 0.602344 0.416936 0.828428 0.517514 0.365388 0.925696 0.175118 0.304585
0.493205 0.207637 0.402857 0.705081 0.209223 0.371498 0.032895 0.916501 0.539511 0.534457 0.259262 0.912551
0.090664 0.687770 0.346182 0.543252 0.811554 0.161775 0.540841 0.302364 0.771027 0.437218 0.133493 0.519262
0.838451 0.761712 0.408470 0.998183 0.463358 0.497082 0.250435 0.227995 0.854880 0.513161 0.358394 0.346203
0.584103 0.969176 0.267133 0.177255 0.732319 0.924778 0.364757 0.723049 0.549118 0.098411 0.890851 0.112780
0.662980 0.530854 0.721928 0.071133 0.491923 0.968309 0.680493 0.921919 0.711628 0.013066 0.244549 0.852069
0.520703 0.813789 0.847136 0.442093 0.995771 0.657405 0.006490 0.486721 0.271959 0.373975 0.749533 0.579899
0.824514 0.046990 0.500385 0.310255 0.896361 0.738978 0.994875 0.665093 0.580199 0.731470 0.006585 0.350664
0.181592 0.320817 0.573865 0.215360 0.497111 0.298676 0.175154 0.318220 0.307415 0.826060 0.892133 0.858293
0.324784 0.192506 0.060750 0.853553 0.288313 0.030598 0.851070 0.176200 0.288779 0.786886 0.144120 0.263325
0.547558 0.860115 0.317556 0.016841 0.779374 0.576571 0.317395 0.098594 0.349339 0.716166 0.282619 0.743500
0.712287 0.629881 0.285934 0.259011 0.147441 0.146244 0.733617 0.641603 0.921750 0.795580 0.995814 0.443629
0.394758 0.388496 0.600385 0.008221 0.134318 0.167236 0.812064 0.129056 0.683792 0.567198 0.005557 0.655594
0.609310 0.923900 0.377310 0.259815 0.697663 0.206866 0.451675 0.410108 0.744314 0.815896 0.537841 0.709535
0.646005 0.862079 0.955442 0.404194 0.897870 0.798773 0.079689 0.841038 0.129149 0.502294 0.216536 0.618731
0.910922 0.587317 0.158432 0.843467 0.183806 0.241389 0.728460 0.347508 0.020595 0.638926 0.632325 0.462068
0.536422 0.909538 0.053610 0.791869 0.101830 0.868578 0.431699 0.005496 0.609662 0.312865 0.635304 0.760660
0.621573 0.199882 0.480378 0.273842 0.834415 0.307474 0.040920 0.871160 0.022508 0.123728 0.534063 0.093512
0.430697 0.242720 0.471065 0.723494 0.104216 0.345030 0.895261 0.867160 0.167157 0.502440 0.997498 0.864333
0.053890 0.528390 0.319803 0.862491 0.349559 0.213270 0.594610 0.537403 0.954623 0.311032 0.020072 0.207774
0.616567 0.703951 0.531721 0.408401 0.174438 0.920574 0.384032 0.933793 0.524098 0.039017 0.497893 0.992210
0.389250 0.272480 0.465797 0.998009 0.657238 0.154578 0.904701 0.731383 0.119018 0.729425 0.096231 0.405071
0.246572 0.830215 0.135677 0.721310 0.756983 0.804579 0.076921 0.167938 0.430238 0.443199 0.707877 0.789907
0.381774 0.295092 0.871828 0.363535 0.923142 0.348557 0.091121 0.922619 0.338115 0.538330 0.299247 0.829939
0.661276 0.969510 0.754295 0.330099 0.926113 0.583640 0.459981 0.570763 0.171455 0.472239 0.957584 0.391964
0.866396 0.801986 0.168086 0.564733 0.922540 0.337667 0.344062 0.377926 0.524566 0.402537 0.423209 0.019581
0.622960 0.484116 0.183556 0.368425 0.882144 0.531822 0.134862 0.458750 0.314016 0.704777 0.311635 0.636325
0.937348 0.502397 0.583396 0.819425 0.280459 0.766613 0.966852 0.959317 0.307896 0.267089 0.063122 0.156753
0.316284 0.845128 0.290144 0.102160 0.844178 0.534176 0.491798 0.300104 0.837047 0.649503 0.477103 0.331303
0.195217 0.739228 0.683047 0.232448 0.745516 0.303912 0.223684 0.644716 0.153541 0.806682 0.398228 0.879752
0.065395 0.390901 0.552287 0.739343 0.693303 0.141679 0.624908 0.503717 0.139669 0.914189 0.422089 0.649871
0.442690 0.029751 0.696573 0.866298 0.012707 0.207179 0.493214 0.638427 0.968577 0.643090 0.014981 0.451435
0.068000 0.779904 0.727123 0.769040 0.086865 0.429293 0.708392 0.650194 0.268553 0.014913 0.580163 0.392663
0.034410 0.574873 0.487621 0.128807 0.781826 0.496237 0.617147 0.603051 0.022118 0.768368 0.166964 0.861970
0.242160 0.313230 0.380022 0.580448 0.412434 0.566672 0.699453 0.826227 0.608737 0.955194 0.910294 0.704954
0.351223 0.598958 0.571109 0.153214 0.307598 0.525758 0.230300 0.813430 0.611344 0.223239 0.757142 0.265216
0.010715 0.872280 0.998166 0.498776 0.841690 0.052177 0.672513 0.546024 0.242822 0.765709 0.651215 0.771448
0.913379 0.884185 0.561438 0.228001 0.591638 0.738570 0.936409 0.088918 0.978777 0.994407 0.526952 0.908167
0.364618 0.459656 0.879557 0.653161 0.564195 0.141039 0.216711 0.969847 0.776524 0.938460 0.664193 0.512247
0.861222 0.507559 0.206165 0.413736 0.733920 0.505812 0.012284 0.699541 0.746456 0.393550 0.937463 0.952286
0.540395 0.986635 0.562079 0.595909 0.828387 0.185038 0.887698 0.286235 0.454529 0.040480 0.277915 0.861140
0.059826 0.766166 0.832453 0.835963 0.045149 0.585747 0.515227 0.170553 0.935118 0.872072 0.723869 0.217174
0.006140 0.082572 0.570624 0.511394 0.759428 0.615666 0.836202 0.898822 0.400195 0.927854 0.095855 0.980122
0.314314 0.595023 0.592547 0.379274 0.081986 0.748514 0.093429 0.816346 0.981134 0.850493 0.122172 0.046222
0.780920 0.521375 0.726867 0.016873 0.646628 0.749084 0.707958 0.423588 0.133525 0.282187 0.824206 0.329572
0.106752 0.664609 0.748877 0.350692 0.860213 0.185358 0.584875 0.389206 0.663412 0.738195 0.005947 0.255963
0.963385 0.687993 0.625972 0.714503 0.708023 0.341262 0.786870 0.481923 0.551037 0.233139 0.806035 0.126331
0.576907 0.191020 0.666160 0.769278 0.811861 0.978606 0.989648 0.226460 0.099335 0.791890 0.209086 0.040013
0.431363 0.845395 0.537503 0.181523 0.992643 0.180754 0.007903 0.357021 0.559402 0.674289 0.269747 0.378298
0.851991 0.503206 0.884091 0.015822 0.717199 0.858488 0.419392 0.962548 0.316253 0.231815 0.930810 0.251273
0.122290 0.396692 0.829748 0.365078 0.043693 0.143269 0.706626 0.048846 0.672412 0.297891 0.970106 0.285495
0.465951 0.090659 0.275929 0.641442 0.093686 0.418316 0.185144 0.286927 0.155131 0.337238 0.232566 0.806252
0.093548 0.279056 0.888867 0.160217 0.317431 0.336118 0.104181 0.694827 0.607825 0.952604 0.590714 0.278318
0.794164 0.678452 0.936473 0.792676 0.406854 0.279859 0.294663 0.535076 0.492576 0.380336 0.133804 0.198519
0.218508 0.836413 0.104649 0.360777 0.775559 0.509860 0.584420 0.711796 0.676672 0.474019 0.822858 0.464654
0.315795 0.846605 0.741997 0.650091 0.568302 0.963696 0.410925 0.583952 0.625154 0.085238 0.972337 0.906572
0.211601 0.780804 0.457404 0.841542 0.113458 0.005032 0.790140 0.856283 0.226545 0.975288 0.914518 0.464807
0.516747 0.822575 0.369817 0.635550 0.474540 0.268563 0.746907 0.137542 0.175023 0.053499 0.829261 0.384854
0.050165 0.694400 0.241118 0.689153 0.557457 0.776401 0.554509 0.566008 0.772452 0.925493 0.457271 0.628958
0.646182 0.583285 0.030602 0.029509 0.794078 0.845274 0.117540 0.679276 0.236478 0.053498 0.652583 0.423946
0.546237 0.393371 0.435615 0.248469 0.420432 0.096277 0.282868 0.427249 0.973361 0.400549 0.239962 0.769937
0.163582 0.295125 0.151444 0.028393 0.260805 0.429819 0.189489 0.736878 0.303287 0.522676 0.466689 0.265100
0.732235 0.621750 0.587708 0.486389 0.635825 0.728984 0.692731 0.879842 0.303718 0.385548 0.074008 0.646334
0.128537 0.892693 0.014464 0.951516 0.945060 0.839983 0.116353 0.838672 0.481349 0.995492 0.922165 0.491386
0.983785 0.726862 0.476243 0.864304 0.270503 0.828599 0.300818 0.035869 0.695868 0.030273 0.555810 0.726555
0.065316 0.313485 0.663443 0.720794 0.798622 0.628905 0.124197 0.883690 0.743361 0.579650 0.891146 0.127663
0.413345 0.888246 0.340672 0.897947 0.124257 0.481258 0.820053 0.985754 0.294346 0.149724 0.038506 0.031603
0.302359 0.352123 0.525081 0.957873 0.108697 0.063281 0.244860 0.762238 0.955418 0.753178 0.525991 0.313550
0.572297 0.048973 0.157612 0.980157 0.435177 0.915598 0.696843 0.722770 0.275063 0.208090 0.148373 0.664780
0.404206 0.076605 0.409020 0.231132 0.217438 0.497980 0.039794 0.849246 0.524254 0.001689 0.809446 0.296498
0.352518 0.714165 0.152539 0.300845 0.868642 0.256893 0.792880 0.983233 0.157949 0.748823 0.694597 0.494253
0.344433 0.514838 0.671036 0.021576 0.738370 0.978724 0.743101 0.070118 0.754213 0.540621 0.606737 0.379648
0.079654 0.680050 0.659544 0.668787 0.133086 0.300059 0.605017 0.287994 0.748601 0.946765 0.272028 0.115519
0.565898 0.043899 0.459344 0.622622 0.259133 0.725549 0.420178 0.434974 0.732625 0.849417 0.781702 0.435947
0.162466 0.947668 0.528747 0.638989 0.344415 0.590512 0.977429 0.533428 0.507039 0.208197 0.360342 0.640623
0.674294 0.544476 0.913485 0.345601 0.234659 0.588199 0.156201 0.302567 0.524770 0.740065 0.731541 0.046482
0.148943 0.529590 0.228536 0.241376 0.724052 0.276787 0.111415 0.967520 0.270759 0.207902 0.933224 0.296241
0.453228 0.540205 0.862683 0.649797 0.984156 0.430640 0.821618 0.882639 0.692575 0.968748 0.423756 0.918776
0.457212 0.448344 0.737680 0.676620 0.925374 0.640044 0.100956 0.531265 0.267929 0.346998 0.719098 0.989306
0.374240 0.718854 0.678974 0.448242 0.252408 0.757897 0.026426 0.095365 0.312380 0.051022 0.931098 0.600632
0.077538 0.956776 0.392722 0.764699 0.581506 0.454491 0.136555 0.850116 0.036351 0.869084 0.568144 0.235402
0.221459 0.348936 0.207659 0.239499 0.055958 0.873426 0.086432 0.835690 0.742247 0.558957 0.241067 0.126060
0.770390 0.901740 0.904414 0.553267 0.660293 0.423956 0.918039 0.512640 0.723297 0.796094 0.742645 0.433245
0.399525 0.413863 0.634623 0.910254 0.826862 0.684869 0.337452 0.492270 0.777115 0.007130 0.326537 0.201096
0.991209 0.537252 0.879232 0.842338 0.399491 0.737592 0.219992 0.341067 0.142813 0.119101 0.116254 0.666368
0.515853 0.948404 0.787364 0.760167 0.114451 0.804161 0.227939 0.905928 0.208484 0.561758 0.364240 0.753532
0.565328 0.680420 0.481023 0.184740 0.560093 0.845594 0.568484 0.637651 0.944354 0.228562 0.219916 0.710575
0.861474 0.603897 0.863180 0.046996 0.203452 0.748118 0.312987 0.621367 0.713823 0.358601 0.972207 0.170078
0.792658 0.836870 0.517184 0.492124 0.418440 0.462551 0.932739 0.656677 0.648569 0.633227 0.657464 0.154127
0.631077 0.586955 0.499774 0.440595 0.214764 0.996110 0.091348 0.173788 0.461849 0.610980 0.821862 0.186050
0.141928 0.015755 0.964631 0.157278 0.924694 0.951006 0.754922 0.247245 0.764827 0.755741 0.158418 0.633423
0.752450 0.830016 0.565826 0.339949 0.300244 0.633689 0.228118 0.023598 0.570023 0.350751 0.595890 0.541229
0.965588 0.425404 0.334819 0.839298 0.168205 0.846869 0.750628 0.226405 0.396076 0.475070 0.111676 0.960115
0.155182 0.931825 0.366879 0.021400 0.776448 0.602301 0.964924 0.924357 0.028049 0.072688 0.728765 0.458712
0.853169 0.516132 0.413427 0.540921 0.790714 0.761131 0.760147 0.202223 0.792085 0.023686 0.462093 0.410468
0.091229 0.988475 0.540306 0.749365 0.975352 0.371667 0.352784 0.216057 0.875253 0.187142 0.125560 0.278399
0.343260 0.798926 0.307225 0.966769 0.607933 0.721465 0.955617 0.823582 0.496711 0.204172 0.239997 0.762808
0.605182 0.978157 0.334652 0.325482 0.443956 0.359723 0.987575 0.529468 0.516875 0.274980 0.548455 0.472544
0.517200 0.706891 0.687610 0.916944 0.922321 0.574428 0.321035 0.518227 0.006454 0.792910 0.606746 0.648853
0.104988 0.237324 0.481879 0.924947 0.624809 0.262783 0.363163 0.517430 0.432113 0.440924 0.367208 0.790161
0.070989 0.240582 0.692050 0.058124 0.103039 0.982249 0.319393 0.724758 0.416244 0.174246 0.315745 0.220812
0.230112 0.516553 0.486963 0.270119 0.290758 0.227314 0.334058 0.680830 0.770684 0.488810 0.356502 0.373914
0.482595 0.968608 0.712290 0.023579 0.023246 0.206429 0.570123 0.606854 0.314871 0.717478 0.138029 0.504875
0.532469 0.646745 0.370349 0.644567 0.337842 0.294599 0.212859 0.428771 0.747857 0.612217 0.268689 0.679127
0.741491 0.960777 0.202280 0.955018 0.187633 0.432575 0.370270 0.390384 0.476451 0.460089 0.698478 0.722886
0.229908 0.323932 0.193213 0.670795 0.582209 0.671146 0.618893 0.448637 0.749494 0.537918 0.407391 0.965074
0.549205 0.910589 0.580439 0.334384 0.464619 0.992724 0.056675 0.094531 0.964984 0.882762 0.993532 0.770268
0.618188 0.719780 0.027131 0.829175 0.563943 0.123350 0.239719 0.779630 0.606490 0.293261 0.538473 0.770496
0.334674 0.712784 0.627932 0.081333 0.534724 0.377556 0.501201 0.538036 0.255554 0.164154 0.817528 0.047498
0.623957 0.457304 0.916395 0.966235 0.453967 0.170973 0.635421 0.492884 0.332009 0.227707 0.296613 0.944480
0.458512 0.199359 0.396750 0.997931 0.625747 0.231937 0.275633 0.247492 0.047281 0.951224 0.994587 0.038943
0.069799 0.676483 0.478751 0.771340 0.018008 0.460966 0.558820 0.614756 0.481857 0.094440 0.196205 0.420995
0.798762 0.729953 0.075430 0.043978 0.828171 0.115158 0.160989 0.460909 0.494051 0.171463 0.248352 0.450797
0.438550 0.502236 0.678519 0.754341 0.378120 0.904512 0.277259 0.907819 0.889479 0.687988 0.439115 0.912953
0.439398 0.985675 0.832008 0.678374 0.312625 0.912172 0.472245 0.252242 0.287015 0.309412 0.836191 0.391820
0.224405 0.612841 0.815473 0.265721 0.013684 0.796224 0.219791 0.854396 0.698009 0.556703 0.978651 0.627471
0.684841 0.176791 0.250745 0.209504 0.729395 0.762294 0.782067 0.147004 0.292936 0.130342 0.264073 0.027952
0.147447 0.343793 0.360101 0.331191 0.705022 0.349580 0.763506 0.900210 0.423766 0.190785 0.880556 0.311862
0.385840 0.453163 0.346494 0.655343 0.577563 0.626030 0.982851 0.741608 0.158928 0.922997 0.737485 0.512213
0.558381 0.285018 0.125129 0.720330 0.624957 0.982172 0.179272 0.007067 0.955790 0.078020 0.442342 0.968761
0.075103 0.891263 0.152289 0.171329 0.864898 0.156747 0.633350 0.180153 0.867013 0.659567 0.430706 0.253449
0.249677 0.996890 0.376924 0.375020 0.569977 0.931842 0.597584 0.533813 0.587560 0.586866 0.293042 0.537330
0.820971 0.249479 0.473514 0.416611 0.784890 0.708929 0.365013 0.891027 0.303310 0.289711 0.767469 0.069898
0.447033 0.623145 0.583398 0.161245 0.115347 0.726891 0.282316 0.316099 0.915805 0.313573 0.332246 0.188687
0.335214 0.454320 0.741936 0.569107 0.056509 0.211682 0.492294 0.731499 0.781284 0.961339 0.271039 0.550732
0.814604 0.269126 0.830343 0.501847 0.341494 0.243456 0.666062 0.856112 0.393400 0.166986 0.976380 0.386944
0.440463 0.316840 0.576038 0.336670 0.163069 0.911303 0.344266 0.817252 0.409895 0.571929 0.466316 0.168981
0.975642 0.394944 0.924809 0.719610 0.835985 0.799352 0.550545 0.174180 0.710476 0.887153 0.843180 0.897868
0.258197 0.441245 0.833051 0.673234 0.083827 0.825250 0.952270 0.140503 0.820862 0.475075 0.772101 0.321139
0.652026 0.319791 0.297467 0.815519 0.936415 0.946486 0.900714 0.134617 0.181396 0.852087 0.162175 0.055450
0.159476 0.901870 0.083181 0.373477 0.105017 0.982545 0.303405 0.854742 0.233587 0.511853 0.330632 0.359666
0.172389 0.093580 0.416280 0.909427 0.667762 0.256935 0.959276 0.502007 0.539771 0.636134 0.563208 0.620396
0.404513 0.751830 0.049447 0.741664 0.999214 0.638241 0.129352 0.039243 0.210896 0.625016 0.624124 0.945818
0.801136 0.581160 0.318970 0.099028 0.326119 0.327508 0.176770 0.502256 0.775625 0.706272 0.724772 0.329650
0.938973 0.281857 0.316622 0.665712 0.962400 0.178219 0.053528 0.260339 0.663608 0.827184 0.570235 0.645987
0.805128 0.190994 0.026658 0.600370 0.082438 0.345461 0.178415 0.650619 0.668642 0.043082 0.553240 0.153473
0.952045 0.617069 0.895634 0.863763 0.342686 0.664366 0.697615 0.194609 0.806289 0.917306 0.614267 0.585555
0.475721 0.743902 0.377048 0.422415 0.175174 0.812814 0.454938 0.925687 0.563405 0.487042 0.901590 0.817433
0.351109 0.905129 0.728799 0.404397 0.160827 0.884658 0.976702 0.605983 0.697878 0.358342 0.320992 0.788211
0.109185 0.196272 0.284506 0.348138 0.794869 0.055926 0.013411 0.202495 0.898013 0.964371 0.404199 0.196087
0.666987 0.510654 0.547601 0.061154 0.250624 0.366357 0.455702 0.121670 0.146696 0.882497 0.575689 0.270479
0.266787 0.120676 0.729372 0.546794 0.128592 0.496048 0.685013 0.182984 0.420971 0.157877 0.065855 0.244629
0.495723 0.790430 0.564505 0.698443 0.660253 0.183300 0.758263 0.008833 0.669921 0.218748 0.610438 0.476226
0.006046 0.609572 0.509688 0.593298 0.616160 0.821455 0.335801 0.303323 0.100244 0.152421 0.149609 0.700044
0.968236 0.211423 0.718969 0.253736 0.064029 0.223249 0.261341 0.568576 0.860995 0.700740 0.329020 0.582971
0.139273 0.076149 0.878299 0.119419 0.482533 0.758915 0.320960 0.154189 0.994023 0.281298 0.922287 0.443211
0.858890 0.709596 0.427609 0.211963 0.014116 0.580105 0.470360 0.831057 0.362866 0.234644 0.293248 0.281080
0.086927 0.203132 0.463377 0.979763 0.041921 0.326830 0.999997 0.805359 0.647715 0.111483 0.377785 0.285892
0.890528 0.670482 0.550352 0.131411 0.638162 0.124905 0.730130 0.185965 0.951248 0.542781 0.594082 0.558061
0.165732 0.464560 0.901023 0.424723 0.838749 0.787490 0.789312 0.528294 0.828187 0.905327 0.792134 0.186676
0.543363 0.230702 0.167186 0.922866 0.094700 0.263970 0.931010 0.000811 0.454870 0.946954 0.589836 0.702354
0.113042 0.347439 0.829506 0.164675 0.669837 0.785386 0.940398 0.414400 0.795933 0.293192 0.221669 0.724099
0.846697 0.140521 0.675753 0.246780 0.204662 0.633699 0.732870 0.985375 0.882083 0.144043 0.677869 0.744757
0.762960 0.795509 0.476244 0.692822 0.180344 0.900006 0.086280 0.934803 0.364846 0.124137 0.622655 0.463758
0.172379 0.726852 0.735813 0.456850 0.877722 0.633271 0.111179 0.618355 0.143628 0.792467 0.573281 0.984029
0.249569 0.142646 0.169952 0.016084 0.907106 0.269557 0.112245 0.496943 0.901578 0.303304 0.365427 0.126604
0.559127 0.313455 0.282629 0.483609 0.420170 0.535339 0.230044 0.752044 0.699764 0.641999 0.445564 0.570041
0.915558 0.999715 0.503405 0.355180 0.163922 0.245350 0.293249 0.733568 0.502138 0.634530 0.084081 0.360679
0.556134 0.573446 0.509951 0.412280 0.126865 0.132488 0.392520 0.440282 0.470268 0.739119 0.156771 0.522558
0.094703 0.667699 0.773328 0.674213 0.489749 0.049045 0.222255 0.813106 0.753523 0.724998 0.400244 0.153556
0.806927 0.794136 0.980834 0.978789 0.726623 0.562719 0.731835 0.029595 0.473015 0.552899 0.202188 0.855692
0.362386 0.789578 0.289208 0.473900 0.536053 0.559519 0.543654 0.558583 0.620036 0.396300 0.602479 0.977609
0.719531 0.324357 0.548026 0.399768 0.167719 0.018942 0.161556 0.678807 0.874239 0.176461 0.347330 0.314887
0.361681 0.477920 0.072631 0.065056 0.663520 0.632842 0.567001 0.984289 0.273033 0.254517 0.886243 0.120858
0.803545 0.382657 0.554966 0.009072 0.887253 0.422475 0.473551 0.814808 0.757841 0.122270 0.037107 0.804147
0.950438 0.131677 0.508851 0.071894 0.054728 0.042610 0.840679 0.228775 0.481935 0.288256 0.140355 0.693607
0.394904 0.387610 0.276744 0.682891 0.009271 0.806729 0.345846 0.416739 0.007142 0.178235 0.519914 0.262298
0.363352 0.714741 0.156592 0.737975 0.670391 0.464512 0.491009 0.255185 0.655491 0.335916 0.349210 0.055952
0.690853 0.845151 0.545113 0.609139 0.319453 0.438691 0.490681 0.861742 0.284320 0.269375 0.804331 0.311546
0.914197 0.225285 0.163756 0.160306 0.503333 0.670307 0.099910 0.876603 0.213740 0.968995 0.734675 0.521861
0.476128 0.514531 0.656680 0.287908 0.330689 0.598024 0.330371 0.002952 0.434388 0.624123 0.347506 0.630239
0.233148 0.657366 0.322332 0.153472 0.518623 0.928864 0.910240 0.042862 0.669607 0.013286 0.059943 0.931369
0.719674 0.111786 0.714878 0.331988 0.379747 0.573312 0.132046 0.223220 0.940442 0.550070 0.284784 0.639848
0.450488 0.173551 0.931618 0.249158 0.226913 0.834135 0.708761 0.657016 0.922801 0.478483 0.231453 0.224141
0.244176 0.746339 0.784008 0.651942 0.048919 0.753105 0.705529 0.848509 0.610459 0.238303 0.760281 0.333671
0.630328 0.671828 0.128602 0.133426 0.943040 0.184765 0.730283 0.972271 0.958302 0.256655 0.063353 0.677318
0.024416 0.836155 0.271372 0.175732 0.626481 0.250794 0.283126 0.849397 0.615637 0.120971 0.325788 0.009470
0.508431 0.813640 0.135642 0.945141 0.303725 0.685353 0.240301 0.220977 0.064307 0.518152 0.282804 0.539609
0.175334 0.860882 0.181069 0.355783 0.825197 0.759611 0.342954 0.304292 0.057500 0.867663 0.530069 0.017025
0.469192 0.198106 0.310089 0.124196 0.703766 0.467291 0.377018 0.821596 0.210010 0.089969 0.232738 0.840223
0.515744 0.921627 0.968197 0.546736 0.218485 0.957148 0.082370 0.052581 0.650125 0.730271 0.265979 0.014428
0.358314 0.166716 0.258264 0.046851 0.575266 0.770924 0.362742 0.306948 0.373242 0.116107 0.682777 0.928888
0.127358 0.183207 0.478949 0.437460 0.190790 0.290315 0.402861 0.831907 0.692445 0.529436 0.329117 0.820682
0.139480 0.688817 0.274594 0.437088 0.014622 0.721833 0.409798 0.620017 0.930439 0.904474 0.099486 0.762991
0.290211 0.178524 0.289213 0.728444 0.652362 0.085152 0.275957 0.725454 0.688981 0.559954 0.611701 0.212825
0.247704 0.002690 0.549291 0.570257 0.506645 0.210663 0.068685 0.221776 0.155286 0.351998 0.473500 0.574422
0.035780 0.379009 0.540294 0.903234 0.479992 0.659998 0.685217 0.317296 0.310583 0.190345 0.402307 0.427319
0.673472 0.407366 0.522071 0.354317 0.790447 0.476799 0.111082 0.516232 0.396347 0.275643 0.979281 0.318488
0.683289 0.575401 0.841787 0.376393 0.004221 0.303918 0.974651 0.372175 0.298829 0.009940 0.317172 0.721497
0.116566 0.468054 0.765425 0.780676 0.555936 0.617926 0.859584 0.290894 0.282136 0.345880 0.098166 0.886053
0.605453 0.063941 0.892440 0.411216 0.558894 0.009375 0.904037 0.988096 0.698735 0.128094 0.863960 0.679545
