0.748917 0.549206 0.932311 0.021763 0.640549 0.113154 0.152246 0.862501 0.600259 0.269269 0.755204 0.372142
0.741652 0.987757 0.282818 0.910088 0.148627 0.448277 0.157788 0.101703 0.886058 0.165367 0.666230 0.348241
0.990140 0.596264 0.948019 0.756221 0.028206 0.132034 0.857621 0.147640 0.740182 0.313878 0.905037 0.524651
0.695989 0.769071 0.434783 0.672378 0.683382 0.037215 0.211213 0.267675 0.530226 0.955207 0.936206 0.448989
0.373660 0.992391 0.667975 0.821586 0.302343 0.569105 0.986054 0.567945 0.166593 0.617673 0.376815 0.672767
0.470299 0.776532 0.596705 0.336423 0.386093 0.595610 0.961959 0.149123 0.138972 0.557259 0.688942 0.738771
0.026504 0.832905 0.978115 0.566513 0.029017 0.357261 0.872964 0.758158 0.373128 0.852789 0.056664 0.243287
0.366294 0.188944 0.967815 0.761655 0.533345 0.912465 0.333155 0.018008 0.493192 0.380348 0.974167 0.829815
0.616195 0.443480 0.691398 0.395617 0.696291 0.657538 0.021273 0.846004 0.427546 0.655501 0.308173 0.176670
0.408161 0.842384 0.655599 0.508358 0.751731 0.560363 0.120194 0.002725 0.487821 0.764694 0.542983 0.192152
0.370980 0.638819 0.755129 0.402730 0.291248 0.830047 0.680824 0.539521 0.842714 0.843434 0.951977 0.295646
0.008461 0.748153 0.869743 0.079676 0.918308 0.517674 0.118697 0.001070 0.649076 0.190383 0.093971 0.525214
0.752461 0.604043 0.660491 0.777746 0.768413 0.857167 0.103925 0.057021 0.777321 0.089920 0.185358 0.395751
0.528806 0.218631 0.003662 0.083948 0.109999 0.589409 0.510095 0.527106 0.253300 0.989981 0.226520 0.969377
0.630201 0.168272 0.106233 0.775859 0.436566 0.719555 0.954042 0.750322 0.497773 0.214146 0.476729 0.958000
0.759124 0.481126 0.225595 0.191251 0.597693 0.248357 0.811370 0.008890 0.061213 0.810821 0.693310 0.851338
0.432826 0.802953 0.641422 0.046591 0.794776 0.244631 0.412173 0.493620 0.280268 0.575551 0.363177 0.514713
0.212632 0.895367 0.923752 0.176470 0.007323 0.946351 0.181442 0.897531 0.550992 0.604198 0.502412 0.609507
0.451920 0.641769 0.771972 0.228067 0.586971 0.776061 0.825008 0.525275 0.839463 0.160323 0.035667 0.419926
0.651787 0.690438 0.421456 0.759920 0.601058 0.622065 0.715897 0.005428 0.917602 0.142610 0.291638 0.750648
0.842355 0.506419 0.057662 0.543842 0.124730 0.005649 0.142936 0.906986 0.199750 0.949147 0.994731 0.701397
0.844420 0.913198 0.062730 0.072963 0.055759 0.517214 0.258964 0.371227 0.834670 0.018666 0.424578 0.310895
0.523105 0.793203 0.543268 0.987509 0.901430 0.827845 0.927936 0.015370 0.373075 0.254853 0.750701 0.854200
0.088454 0.453055 0.523571 0.476796 0.107124 0.951869 0.668654 0.465846 0.909405 0.702562 0.214544 0.809888
0.046397 0.588849 0.057412 0.881534 0.601569 0.474607 0.698143 0.295516 0.801312 0.158653 0.964854 0.265627
0.030205 0.929790 0.124820 0.547821 0.171748 0.976802 0.481383 0.383637 0.481200 0.612656 0.073603 0.307451
0.957873 0.430624 0.774429 0.525839 0.788801 0.411972 0.328008 0.494470 0.192241 0.439843 0.375143 0.312071
0.116273 0.955192 0.176750 0.180922 0.284154 0.450583 0.882152 0.207399 0.079063 0.806979 0.618769 0.417647
0.547342 0.573355 0.467451 0.537577 0.194708 0.710588 0.328766 0.046681 0.629091 0.526921 0.225099 0.995187
0.192291 0.080607 0.114803 0.853738 0.383673 0.409719 0.944826 0.566304 0.864250 0.689467 0.925272 0.958830
0.348315 0.700771 0.169834 0.336329 0.084149 0.393298 0.369654 0.342365 0.442198 0.030087 0.341821 0.997742
0.472180 0.834551 0.004795 0.695666 0.585731 0.957655 0.670261 0.619487 0.351757 0.957325 0.218566 0.262943
0.045626 0.940586 0.118144 0.008657 0.652398 0.868147 0.673436 0.123119 0.800887 0.597741 0.781312 0.482727
0.005027 0.066696 0.408146 0.459510 0.812007 0.710162 0.437572 0.565990 0.768062 0.679764 0.219378 0.378244
0.101845 0.708300 0.359612 0.354243 0.242009 0.646109 0.629904 0.305263 0.355448 0.364542 0.124036 0.285994
0.767204 0.620901 0.982141 0.556190 0.320828 0.778003 0.354806 0.795579 0.677398 0.425705 0.064359 0.914396
0.240338 0.851584 0.341861 0.068305 0.076096 0.846712 0.253756 0.277752 0.830054 0.638359 0.239805 0.589949
0.759623 0.372361 0.122854 0.786587 0.365139 0.408861 0.229904 0.896838 0.234461 0.477777 0.478079 0.156109
0.296827 0.562713 0.052479 0.657373 0.192972 0.223383 0.499477 0.651287 0.125248 0.329299 0.546760 0.871734
0.748942 0.674045 0.305767 0.028435 0.966334 0.761242 0.580704 0.737585 0.050558 0.809242 0.275438 0.284217
0.267953 0.285533 0.765118 0.646571 0.502260 0.397227 0.237138 0.173911 0.262253 0.483724 0.511719 0.451015
0.985570 0.195391 0.342948 0.114122 0.295369 0.755302 0.991042 0.745143 0.248636 0.496986 0.660244 0.187698
0.850903 0.074351 0.279432 0.856637 0.935060 0.327858 0.960273 0.955256 0.646538 0.746028 0.048459 0.382774
0.144229 0.655148 0.892910 0.562175 0.401599 0.944803 0.271577 0.524366 0.908732 0.930196 0.554433 0.221903
0.104169 0.511452 0.581743 0.512461 0.056364 0.892086 0.737793 0.198647 0.555784 0.096159 0.267116 0.114013
0.276306 0.383725 0.592716 0.443444 0.508330 0.960835 0.174918 0.809460 0.126486 0.631492 0.546410 0.685600
0.542991 0.715300 0.312738 0.980452 0.096393 0.813116 0.679645 0.441208 0.024663 0.113624 0.266155 0.265991
0.849084 0.269347 0.284061 0.337104 0.788962 0.922330 0.920861 0.757872 0.235441 0.639274 0.787094 0.418950
0.365725 0.542248 0.735532 0.987220 0.990019 0.110010 0.223145 0.391665 0.189591 0.369885 0.171203 0.038468
0.003925 0.856156 0.438494 0.470547 0.193486 0.755538 0.628845 0.454965 0.180095 0.309141 0.525297 0.981337
0.728718 0.289444 0.887990 0.431165 0.061573 0.299884 0.933047 0.072174 0.067628 0.060628 0.325292 0.350769
0.071662 0.613025 0.898773 0.033987 0.018247 0.321852 0.810367 0.739403 0.644024 0.210973 0.824109 0.316203
0.881267 0.083355 0.812256 0.283760 0.821298 0.767512 0.028823 0.841595 0.231977 0.124682 0.228122 0.530561
0.617513 0.118656 0.558368 0.167687 0.578596 0.462685 0.802820 0.011976 0.856601 0.887449 0.462646 0.415749
0.346959 0.979257 0.312198 0.134882 0.743214 0.667857 0.131997 0.200728 0.201315 0.057387 0.772146 0.205773
0.625894 0.658702 0.752094 0.763744 0.390531 0.013313 0.261491 0.103119 0.486424 0.475479 0.748109 0.153290
0.781473 0.294947 0.205134 0.937488 0.274383 0.082950 0.705976 0.975528 0.633745 0.771136 0.428064 0.059249
0.324405 0.609041 0.775789 0.937954 0.322243 0.070775 0.342024 0.684860 0.410069 0.606178 0.501704 0.189490
0.551909 0.534093 0.872409 0.739168 0.403357 0.606230 0.720948 0.487182 0.562880 0.639215 0.896131 0.538288
0.311544 0.260822 0.817915 0.180239 0.411463 0.972647 0.685270 0.516858 0.641542 0.785851 0.339276 0.220258
0.799891 0.850697 0.521942 0.781856 0.519060 0.325890 0.689348 0.598894 0.454461 0.155174 0.693773 0.701428
0.106344 0.982047 0.712294 0.469315 0.906687 0.440897 0.666422 0.075115 0.353815 0.655087 0.693935 0.095475
0.762922 0.088736 0.381406 0.714093 0.140621 0.714690 0.182635 0.844764 0.534906 0.768714 0.339633 0.024229
0.885685 0.007059 0.529160 0.954189 0.646296 0.921369 0.008640 0.384908 0.076492 0.720079 0.874547 0.126952
0.544172 0.679513 0.240671 0.723535 0.700182 0.495644 0.571916 0.424077 0.692613 0.630047 0.590570 0.305407
0.572764 0.039340 0.976046 0.422993 0.228018 0.394206 0.650154 0.904685 0.744749 0.054744 0.063128 0.759098
0.629577 0.715501 0.377542 0.372188 0.242219 0.442240 0.212044 0.063097 0.103029 0.831048 0.062990 0.239381
0.602767 0.478460 0.385042 0.341053 0.365030 0.608442 0.839941 0.814053 0.667444 0.792033 0.041456 0.007631
0.709374 0.929697 0.953677 0.694919 0.601661 0.069515 0.817574 0.644706 0.188927 0.806734 0.431527 0.385484
0.908426 0.627444 0.061478 0.735534 0.346583 0.356452 0.250240 0.468807 0.809246 0.831168 0.605043 0.599103
0.722939 0.825052 0.309702 0.135303 0.531616 0.066066 0.229147 0.106058 0.516564 0.399326 0.488081 0.264747
0.741515 0.581478 0.453397 0.349435 0.810750 0.468051 0.795608 0.512789 0.399168 0.150819 0.193827 0.690131
0.473310 0.840893 0.172906 0.906931 0.991280 0.882913 0.082081 0.112689 0.717123 0.249101 0.338039 0.477309
0.188961 0.878183 0.889804 0.071711 0.530821 0.419866 0.703643 0.987266 0.760401 0.900168 0.008011 0.877279
0.180753 0.294307 0.589278 0.958102 0.671839 0.377473 0.093574 0.004325 0.162985 0.650778 0.038218 0.003268
0.380016 0.597649 0.330865 0.339239 0.460680 0.739630 0.528745 0.713424 0.006254 0.789631 0.604705 0.863102
0.487478 0.967087 0.266300 0.397840 0.695493 0.124185 0.399076 0.330779 0.729761 0.157276 0.704323 0.525287
0.388574 0.921156 0.987187 0.343046 0.973354 0.874689 0.629792 0.326769 0.919786 0.523613 0.455006 0.787494
0.363499 0.680915 0.464743 0.959541 0.647765 0.336245 0.439531 0.531497 0.534156 0.451665 0.764020 0.866268
0.015743 0.402965 0.809021 0.151975 0.184225 0.043874 0.225639 0.549377 0.677737 0.375349 0.427233 0.049630
0.515093 0.955602 0.718601 0.573215 0.816420 0.991631 0.489839 0.487540 0.913663 0.195653 0.277259 0.651805
0.538276 0.390361 0.041436 0.157173 0.938579 0.993604 0.146370 0.048946 0.533425 0.004940 0.591932 0.591105
0.626420 0.614067 0.307903 0.028610 0.821229 0.064872 0.445965 0.435425 0.948954 0.779296 0.992566 0.091538
0.296203 0.425614 0.893842 0.585283 0.669866 0.850618 0.884897 0.648509 0.855510 0.245256 0.012529 0.743426
0.938332 0.926660 0.584842 0.914600 0.126656 0.778474 0.470789 0.474347 0.178796 0.962551 0.599955 0.426640
0.574836 0.408883 0.192097 0.031757 0.991957 0.808751 0.920362 0.654633 0.941423 0.012624 0.983694 0.828912
0.494226 0.483953 0.420762 0.412274 0.911949 0.194593 0.416748 0.947775 0.390556 0.183352 0.906756 0.093548
0.647732 0.018345 0.648524 0.951477 0.074895 0.555446 0.603324 0.629078 0.906554 0.953279 0.449019 0.370602
0.685855 0.801060 0.287110 0.838890 0.144478 0.998898 0.691829 0.801946 0.081952 0.276859 0.075864 0.003957
0.441736 0.987030 0.012400 0.122397 0.221911 0.256929 0.114156 0.875690 0.088072 0.178238 0.480572 0.802190
0.044455 0.617862 0.722173 0.977034 0.305539 0.199907 0.497693 0.006637 0.001926 0.493690 0.852986 0.872990
0.121745 0.566734 0.888432 0.186006 0.645599 0.407663 0.968178 0.692210 0.084870 0.526997 0.932588 0.555182
0.168034 0.326781 0.035889 0.399418 0.079451 0.483946 0.528125 0.272045 0.036607 0.655424 0.056462 0.805662
0.275866 0.046986 0.234227 0.419861 0.854819 0.649913 0.616011 0.932199 0.594089 0.966826 0.362737 0.302587
0.965020 0.108400 0.400735 0.101309 0.278947 0.091014 0.761505 0.851357 0.637287 0.971304 0.724128 0.638832
0.342439 0.316755 0.976117 0.343142 0.783189 0.517592 0.260343 0.613851 0.727398 0.415867 0.170383 0.979047
0.535101 0.831781 0.847276 0.078405 0.401892 0.811836 0.008588 0.768592 0.391264 0.842622 0.037996 0.003834
0.856607 0.879185 0.198188 0.026648 0.493469 0.718760 0.172621 0.301770 0.330994 0.180203 0.942393 0.341816
0.934233 0.534488 0.298915 0.412783 0.077278 0.820049 0.047675 0.301942 0.786162 0.442416 0.297722 0.166187
0.270742 0.883768 0.928446 0.330674 0.114815 0.471610 0.630236 0.137872 0.094979 0.677451 0.174694 0.790050
0.733313 0.486384 0.968140 0.758122 0.275983 0.852852 0.224895 0.470973 0.953267 0.717154 0.518436 0.346874
0.297622 0.260181 0.925663 0.676042 0.113951 0.866333 0.118190 0.493300 0.420939 0.740661 0.983423 0.326504
0.800113 0.224024 0.006075 0.672795 0.524178 0.042716 0.625239 0.899813 0.870674 0.243690 0.819881 0.343234
0.899537 0.107250 0.900264 0.416408 0.219998 0.842268 0.229957 0.564465 0.330474 0.585187 0.683393 0.987870
0.063288 0.876211 0.627777 0.165379 0.593189 0.238656 0.573142 0.517830 0.174462 0.436267 0.012024 0.033798
0.562877 0.333634 0.745050 0.281564 0.169323 0.099601 0.721005 0.554422 0.956805 0.547674 0.413878 0.960840
0.586040 0.350022 0.981871 0.932369 0.495338 0.373724 0.473245 0.639141 0.080751 0.970796 0.593210 0.519326
0.124755 0.557245 0.179608 0.623386 0.385936 0.071072 0.163126 0.107370 0.016550 0.777748 0.833434 0.787798
0.690280 0.664758 0.150836 0.467615 0.233835 0.084850 0.509612 0.614462 0.662649 0.845677 0.141138 0.796933
0.871254 0.396346 0.449985 0.143157 0.853891 0.492858 0.118583 0.298819 0.217678 0.823737 0.399803 0.876280
0.032733 0.432224 0.187745 0.185101 0.154312 0.414390 0.723565 0.552430 0.631831 0.838863 0.550315 0.320771
0.442932 0.317047 0.714289 0.543444 0.594085 0.077648 0.040300 0.886217 0.509997 0.302192 0.754712 0.871658
0.101757 0.491096 0.398963 0.955740 0.410018 0.781227 0.899759 0.227717 0.278568 0.519351 0.058180 0.894215
0.202323 0.158057 0.357741 0.827019 0.954951 0.852461 0.583511 0.673128 0.620071 0.660031 0.707686 0.822797
0.194695 0.900097 0.159569 0.739429 0.719301 0.949020 0.290557 0.901869 0.926519 0.528917 0.707794 0.090755
0.257406 0.308779 0.259004 0.822166 0.322529 0.247781 0.524375 0.167844 0.885922 0.326198 0.559845 0.788643
0.169339 0.838592 0.137737 0.741396 0.633821 0.014842 0.923656 0.011377 0.279361 0.405986 0.095608 0.395792
0.797145 0.193442 0.802710 0.898338 0.848349 0.378713 0.616462 0.774022 0.510977 0.199869 0.533834 0.988785
0.223065 0.955682 0.108848 0.171644 0.306847 0.513677 0.344986 0.130994 0.099693 0.155846 0.415357 0.912949
0.936979 0.569013 0.648232 0.434421 0.527444 0.574735 0.304016 0.896358 0.554914 0.220229 0.957917 0.420064
0.675704 0.973742 0.307779 0.946765 0.466725 0.636695 0.611157 0.881504 0.108286 0.461015 0.408453 0.099799
0.040164 0.580261 0.094261 0.665103 0.547876 0.995873 0.565934 0.345844 0.602587 0.002469 0.698081 0.604118
0.272077 0.426882 0.774270 0.956276 0.745628 0.022461 0.345204 0.295418 0.335700 0.180886 0.497580 0.807097
0.772552 0.705796 0.895540 0.903255 0.324017 0.293646 0.816665 0.758969 0.452826 0.378947 0.762343 0.768216
0.345076 0.937820 0.246596 0.070671 0.607566 0.990545 0.720707 0.641200 0.399832 0.024952 0.174653 0.289081
0.737382 0.931262 0.178913 0.895400 0.044897 0.215834 0.962486 0.679670 0.023506 0.862938 0.341491 0.094091
0.489290 0.284011 0.163298 0.703468 0.102491 0.006594 0.734356 0.070413 0.409483 0.201132 0.585212 0.978388
0.578099 0.517043 0.675330 0.814714 0.818531 0.147307 0.639826 0.092175 0.976449 0.556066 0.843244 0.487576
0.922776 0.708817 0.545112 0.067686 0.644298 0.873164 0.873031 0.066992 0.781428 0.651057 0.808692 0.496830
0.192503 0.307520 0.275667 0.542489 0.663840 0.376774 0.972779 0.739588 0.776331 0.884899 0.301500 0.795239
0.025776 0.939194 0.454077 0.715733 0.949949 0.103665 0.502277 0.221093 0.024226 0.916694 0.898709 0.326538
0.010652 0.334541 0.743379 0.661633 0.846687 0.849493 0.009710 0.653997 0.637372 0.129955 0.937450 0.106246
0.802338 0.387660 0.443167 0.805750 0.328014 0.398736 0.208489 0.816747 0.421565 0.922184 0.590090 0.041620
0.847783 0.412544 0.425771 0.626646 0.627161 0.759815 0.972027 0.188600 0.142740 0.058261 0.608451 0.437061
0.090650 0.021582 0.208979 0.036819 0.245687 0.193523 0.485005 0.918200 0.576262 0.560064 0.280041 0.610169
0.543640 0.557775 0.910886 0.456316 0.472570 0.083984 0.632127 0.088968 0.996315 0.912355 0.953802 0.589784
0.834945 0.954642 0.250050 0.741151 0.179303 0.301471 0.212839 0.216270 0.913265 0.531752 0.248874 0.681079
0.320307 0.135074 0.953784 0.280822 0.673143 0.182819 0.677294 0.276393 0.521678 0.694803 0.615691 0.218918
0.988504 0.280803 0.860464 0.778637 0.983466 0.398412 0.522505 0.215453 0.481860 0.819368 0.582817 0.530534
0.479032 0.871062 0.690642 0.721897 0.406897 0.016121 0.547100 0.856569 0.400728 0.742774 0.123105 0.998399
0.415421 0.092714 0.705903 0.940000 0.802752 0.521861 0.150860 0.105612 0.890686 0.766454 0.736900 0.385230
0.019659 0.598808 0.562295 0.873950 0.884710 0.426107 0.268796 0.415247 0.059859 0.767298 0.124856 0.715357
0.027069 0.150833 0.015296 0.164752 0.369583 0.488151 0.838127 0.744523 0.143546 0.103414 0.220592 0.106908
0.946588 0.254138 0.193034 0.929589 0.613914 0.360624 0.901682 0.732061 0.690975 0.662758 0.850239 0.546868
0.089339 0.580403 0.641787 0.008813 0.498201 0.651968 0.315999 0.093294 0.637773 0.354468 0.249961 0.819790
0.490005 0.071892 0.277424 0.443512 0.651491 0.196922 0.204100 0.547615 0.609649 0.866366 0.491606 0.859324
0.598812 0.096061 0.609900 0.012382 0.097887 0.294304 0.125301 0.459776 0.986370 0.198881 0.981978 0.729436
0.591243 0.971063 0.901301 0.906881 0.432234 0.071468 0.650432 0.918920 0.832343 0.957523 0.436156 0.327821
0.548230 0.060153 0.028102 0.415754 0.138141 0.344373 0.328130 0.517670 0.660480 0.465169 0.680588 0.180704
0.668548 0.083654 0.206889 0.464161 0.295356 0.669362 0.717301 0.212814 0.609299 0.755073 0.498678 0.308409
0.270098 0.410837 0.928137 0.371317 0.515292 0.782271 0.298751 0.988082 0.411198 0.310914 0.669030 0.524786
0.982836 0.971511 0.572633 0.490781 0.358736 0.126596 0.861785 0.126344 0.005276 0.707574 0.102175 0.733686
0.111952 0.571067 0.779941 0.624781 0.690016 0.038605 0.979039 0.916252 0.351028 0.602554 0.826985 0.545603
0.426539 0.436443 0.154365 0.751428 0.416388 0.905153 0.435488 0.216739 0.653450 0.440127 0.517272 0.350629
0.466515 0.342269 0.016620 0.584692 0.372736 0.143258 0.982012 0.879270 0.847757 0.130899 0.937776 0.958057
0.861699 0.667718 0.876399 0.023937 0.826930 0.942614 0.193742 0.840658 0.989937 0.880179 0.453901 0.294036
0.414980 0.572668 0.781293 0.633303 0.805503 0.211683 0.429546 0.119151 0.118005 0.913994 0.765015 0.703605
0.575841 0.383018 0.647439 0.174576 0.472345 0.196147 0.067532 0.680364 0.087985 0.176091 0.047765 0.723165
0.938051 0.762101 0.588051 0.914993 0.581662 0.937723 0.571783 0.812083 0.707573 0.307354 0.846133 0.752507
0.115726 0.181466 0.833551 0.228477 0.014491 0.337960 0.514553 0.970212 0.565762 0.123744 0.924069 0.478115
0.617166 0.546102 0.422007 0.018585 0.889246 0.820954 0.521415 0.166583 0.820831 0.696062 0.367480 0.478374
0.127983 0.151630 0.889299 0.338540 0.680385 0.646048 0.807054 0.855379 0.024937 0.587354 0.400325 0.471245
0.988447 0.150344 0.438759 0.055931 0.398783 0.100023 0.505308 0.607647 0.314773 0.082824 0.754955 0.715423
0.122572 0.053382 0.785136 0.269415 0.945837 0.985331 0.338366 0.580125 0.140708 0.887885 0.624534 0.245999
0.449117 0.242207 0.922443 0.868303 0.106399 0.697921 0.787671 0.403557 0.819202 0.083009 0.362947 0.660609
0.673998 0.655652 0.281502 0.923314 0.420759 0.927859 0.163008 0.304306 0.622096 0.273680 0.245984 0.961121
0.870330 0.520517 0.190609 0.452357 0.934265 0.050589 0.750392 0.892608 0.786562 0.477865 0.914972 0.412561
0.294075 0.005660 0.324471 0.438384 0.449881 0.629089 0.732063 0.017845 0.280536 0.689070 0.937103 0.429037
0.698403 0.523674 0.432599 0.061705 0.855750 0.123657 0.921122 0.725968 0.842721 0.359555 0.572173 0.663031
0.422123 0.120028 0.149168 0.800643 0.708168 0.021529 0.818098 0.817658 0.875294 0.129198 0.133869 0.281958
0.189368 0.191237 0.536934 0.415417 0.603511 0.117650 0.714097 0.402708 0.656760 0.535442 0.700472 0.730246
0.703019 0.382586 0.192174 0.572324 0.607983 0.955923 0.236289 0.865103 0.667313 0.342429 0.490107 0.008240
0.112839 0.379891 0.200713 0.501378 0.852891 0.703798 0.408504 0.052590 0.869652 0.906898 0.069818 0.284665
0.228180 0.943915 0.973327 0.270299 0.966305 0.099660 0.906465 0.161758 0.832578 0.090987 0.031560 0.159561
0.634030 0.640542 0.522453 0.597972 0.062620 0.308153 0.724219 0.118671 0.117033 0.869124 0.522738 0.448873
0.568998 0.791787 0.073984 0.614076 0.636036 0.945326 0.565418 0.739371 0.842614 0.582952 0.210399 0.220562
0.261644 0.193874 0.565439 0.719397 0.590042 0.617255 0.205213 0.249087 0.967779 0.916119 0.436583 0.611435
0.059337 0.843155 0.219297 0.067031 0.239270 0.571059 0.368414 0.266331 0.060599 0.673295 0.371578 0.982305
0.338954 0.453527 0.873081 0.853587 0.752067 0.179097 0.375001 0.575354 0.600011 0.939305 0.537369 0.196429
0.694796 0.446921 0.969623 0.681042 0.190817 0.465041 0.265485 0.891111 0.339213 0.243044 0.923571 0.551890
0.564007 0.912036 0.548628 0.042765 0.230716 0.477895 0.974414 0.434546 0.665027 0.311039 0.351992 0.688162
0.677371 0.729628 0.414317 0.855761 0.109551 0.668377 0.376175 0.636634 0.981268 0.785405 0.688615 0.674518
0.474408 0.734125 0.650006 0.306695 0.652462 0.614499 0.332903 0.622909 0.863418 0.158041 0.298271 0.180718
0.417543 0.990642 0.824414 0.198405 0.245000 0.580464 0.819233 0.053634 0.692155 0.726835 0.366637 0.489329
0.984771 0.539233 0.644268 0.715992 0.428568 0.021244 0.755237 0.953688 0.324024 0.288956 0.072812 0.114965
0.645921 0.217602 0.673357 0.480895 0.161086 0.742630 0.903686 0.723279 0.128480 0.324443 0.668000 0.853138
0.584805 0.183551 0.356099 0.099734 0.715787 0.155999 0.066928 0.368847 0.955205 0.107593 0.418918 0.453255
0.357290 0.528584 0.301714 0.479131 0.749199 0.859279 0.554095 0.451809 0.058075 0.846126 0.897033 0.722921
0.247783 0.339561 0.690272 0.339217 0.224429 0.025698 0.855744 0.363541 0.478220 0.210864 0.176074 0.606638
0.953779 0.675439 0.537463 0.459267 0.825457 0.550888 0.009131 0.584409 0.369193 0.049523 0.316322 0.518564
0.089634 0.225587 0.586544 0.297168 0.525585 0.619440 0.411711 0.974305 0.826290 0.083035 0.438818 0.626026
0.147147 0.967642 0.613049 0.991444 0.815471 0.671710 0.331785 0.579134 0.185346 0.080818 0.623661 0.355950
0.900088 0.063718 0.001987 0.309191 0.866753 0.585529 0.314837 0.963813 0.154799 0.724308 0.595832 0.200732
0.927385 0.302452 0.024490 0.870839 0.032053 0.028160 0.002114 0.467351 0.700924 0.807352 0.566755 0.445882
0.859893 0.609870 0.020881 0.812897 0.946268 0.613437 0.913486 0.822850 0.869656 0.094667 0.280954 0.878164
0.619071 0.216275 0.592984 0.899502 0.718927 0.143965 0.119441 0.905098 0.745490 0.102236 0.801878 0.001695
0.940213 0.794352 0.286545 0.397023 0.961454 0.691972 0.522018 0.252597 0.963090 0.480704 0.067579 0.539621
0.064266 0.080940 0.463986 0.332876 0.292108 0.117774 0.046174 0.362775 0.320102 0.744225 0.642802 0.651261
0.224876 0.860270 0.994591 0.795524 0.440467 0.158182 0.403376 0.280446 0.103194 0.443493 0.193482 0.244459
0.581849 0.125866 0.949991 0.497589 0.772039 0.978234 0.686753 0.305501 0.359790 0.817333 0.479822 0.260505
0.323018 0.055508 0.167578 0.514861 0.315087 0.405377 0.095903 0.666610 0.524286 0.251425 0.559056 0.229652
0.690733 0.055726 0.476991 0.551037 0.092997 0.538563 0.050470 0.379838 0.729380 0.411215 0.935131 0.452421
0.540719 0.487872 0.450270 0.827368 0.227552 0.050319 0.004666 0.465343 0.069999 0.464116 0.431872 0.129808
0.663381 0.426587 0.986549 0.886434 0.664949 0.038718 0.597734 0.822693 0.924940 0.562419 0.575379 0.529750
0.850711 0.848224 0.736781 0.833320 0.424652 0.370423 0.212406 0.452808 0.279867 0.279216 0.220816 0.778506
0.719389 0.086587 0.398213 0.498331 0.296124 0.954038 0.277546 0.998207 0.697759 0.473600 0.790443 0.688440
0.414120 0.042834 0.269499 0.800330 0.701447 0.237402 0.418193 0.465872 0.299323 0.607666 0.129374 0.187224
0.871115 0.177013 0.028588 0.418813 0.163997 0.357425 0.784122 0.476946 0.985687 0.704474 0.429340 0.097263
0.549824 0.589860 0.095582 0.878230 0.470078 0.640697 0.847781 0.331482 0.206143 0.851722 0.347882 0.951967
0.759350 0.173891 0.429238 0.585436 0.774774 0.316361 0.795345 0.542802 0.277306 0.424405 0.137669 0.330497
0.897369 0.045727 0.088882 0.103771 0.254336 0.867549 0.510817 0.212221 0.861538 0.201600 0.991138 0.498971
0.837693 0.494123 0.719201 0.934652 0.127998 0.233586 0.197760 0.184545 0.817846 0.527573 0.276807 0.925835
0.165283 0.468628 0.238807 0.332432 0.215736 0.933060 0.881813 0.862304 0.048588 0.388138 0.721716 0.984246
0.777545 0.038481 0.629809 0.784024 0.955608 0.958667 0.820028 0.790044 0.796368 0.150230 0.282848 0.925424
0.001570 0.781435 0.941451 0.890292 0.832772 0.750599 0.553302 0.681436 0.621127 0.320775 0.412817 0.479086
0.327176 0.691460 0.657565 0.041136 0.078069 0.754016 0.105288 0.289238 0.794388 0.470948 0.226496 0.307528
0.400488 0.538605 0.134626 0.403614 0.935828 0.901459 0.296080 0.446623 0.267429 0.782650 0.526527 0.303943
0.182705 0.317513 0.642325 0.464788 0.745651 0.067638 0.338083 0.723636 0.590876 0.436663 0.559184 0.034375
0.695703 0.846939 0.032089 0.924860 0.695104 0.120145 0.778092 0.580227 0.688110 0.302329 0.281602 0.719943
0.338993 0.293088 0.972752 0.500280 0.133773 0.155842 0.036764 0.651148 0.206686 0.541587 0.491458 0.920865
0.050488 0.426780 0.901534 0.212467 0.395676 0.189203 0.979747 0.040925 0.289303 0.369317 0.912403 0.073378
0.642957 0.713857 0.467509 0.637885 0.487011 0.225115 0.846177 0.921448 0.307969 0.577371 0.775232 0.659723
0.782373 0.698166 0.228135 0.573928 0.354625 0.347457 0.079142 0.866581 0.073780 0.893343 0.538345 0.986105
0.658096 0.564409 0.837869 0.369061 0.348203 0.010527 0.603943 0.217713 0.108152 0.914847 0.540984 0.164164
0.067301 0.170360 0.881376 0.953028 0.991643 0.993176 0.725701 0.063157 0.756336 0.201845 0.169957 0.761394
0.364798 0.784059 0.539630 0.395661 0.277742 0.794811 0.889418 0.556659 0.732159 0.041537 0.373909 0.551126
0.075127 0.072198 0.038359 0.780463 0.958292 0.526241 0.688549 0.313531 0.846245 0.651761 0.922269 0.222269
0.817402 0.057880 0.758139 0.604091 0.463641 0.850695 0.674728 0.526101 0.255208 0.481898 0.629635 0.195412
0.613631 0.793470 0.464513 0.284194 0.106511 0.876922 0.685094 0.047337 0.735818 0.825894 0.837722 0.096305
0.472966 0.812885 0.248384 0.648646 0.621525 0.208998 0.471902 0.155573 0.055634 0.025394 0.688834 0.655147
0.058325 0.835588 0.214125 0.769181 0.236242 0.552307 0.112214 0.222303 0.760556 0.474348 0.022474 0.115687
0.793767 0.363578 0.471075 0.627644 0.492827 0.076427 0.991406 0.187535 0.733804 0.020225 0.551223 0.796857
0.089674 0.728058 0.379903 0.513037 0.840290 0.008636 0.664815 0.685193 0.218981 0.836881 0.543927 0.039303
0.026535 0.091686 0.383829 0.141449 0.285365 0.302529 0.518976 0.903429 0.547473 0.172640 0.486172 0.775830
0.897335 0.684689 0.651623 0.877134 0.878095 0.686399 0.626751 0.940505 0.399228 0.018688 0.286629 0.308666
0.752115 0.181326 0.907078 0.823234 0.775079 0.825951 0.852591 0.779907 0.463317 0.586060 0.002089 0.454652
0.754977 0.218917 0.443059 0.797314 0.591589 0.617445 0.895554 0.743976 0.465685 0.324207 0.777103 0.342371
0.865316 0.891591 0.732681 0.474904 0.041443 0.250131 0.823619 0.415602 0.365755 0.280580 0.940715 0.189684
0.294222 0.711907 0.916091 0.989669 0.785394 0.378198 0.129373 0.693632 0.082472 0.686170 0.695644 0.194208
0.854070 0.352303 0.895786 0.435701 0.150592 0.546179 0.499541 0.152612 0.883234 0.994297 0.510678 0.922327
0.555191 0.740947 0.058978 0.895594 0.293688 0.834023 0.303416 0.152312 0.059581 0.964103 0.814716 0.913894
0.824229 0.311162 0.548977 0.650159 0.062308 0.283691 0.908119 0.289435 0.093209 0.611720 0.962583 0.432405
0.837111 0.886549 0.193861 0.443350 0.005151 0.519396 0.455091 0.071756 0.719983 0.525153 0.393161 0.526600
0.567277 0.423126 0.456651 0.033654 0.516660 0.797077 0.650123 0.273993 0.422258 0.730639 0.299593 0.815027
0.168434 0.844284 0.440091 0.939908 0.459601 0.793600 0.519056 0.091810 0.464942 0.886758 0.204555 0.560458
0.422872 0.931398 0.233731 0.016053 0.677801 0.868945 0.158232 0.056601 0.374120 0.130024 0.328798 0.787541
0.348598 0.997753 0.599716 0.766628 0.718826 0.179363 0.258051 0.443187 0.451785 0.022202 0.420601 0.192117
0.903541 0.465491 0.433579 0.370482 0.517591 0.002752 0.715817 0.227622 0.519177 0.163103 0.838830 0.862493
0.340720 0.896701 0.290262 0.732504 0.274255 0.989384 0.311563 0.674402 0.506803 0.258132 0.090151 0.687922
0.829263 0.975036 0.904035 0.175105 0.858449 0.513889 0.662696 0.436187 0.409489 0.336883 0.135513 0.191851
0.875174 0.419952 0.467959 0.583066 0.277040 0.880374 0.326341 0.347978 0.907733 0.628874 0.823015 0.467651
0.785609 0.049468 0.178182 0.062184 0.654032 0.191859 0.625821 0.124228 0.865469 0.554820 0.637983 0.966329
0.399265 0.069623 0.983930 0.805331 0.156169 0.976780 0.738931 0.425994 0.267654 0.040948 0.505882 0.416854
0.120353 0.597141 0.188577 0.632514 0.364237 0.850728 0.649246 0.504547 0.059683 0.087638 0.129018 0.747412
0.259338 0.406187 0.327005 0.221391 0.674456 0.009634 0.289700 0.057165 0.510597 0.303780 0.033352 0.245285
0.632429 0.524338 0.939742 0.291973 0.549673 0.033477 0.820513 0.228489 0.270798 0.893554 0.169743 0.565369
0.310774 0.013120 0.559336 0.213656 0.440523 0.745589 0.746933 0.200615 0.462775 0.891128 0.795657 0.651230
0.772310 0.668760 0.216564 0.433660 0.365672 0.628872 0.076309 0.163515 0.075788 0.590649 0.365650 0.298277
0.842510 0.775367 0.593186 0.272349 0.629314 0.667419 0.094110 0.894800 0.876838 0.753432 0.660837 0.300524
0.613531 0.555922 0.931755 0.487755 0.884938 0.484477 0.297164 0.041919 0.053742 0.266644 0.936393 0.094628
0.597301 0.338198 0.594668 0.667008 0.705913 0.413564 0.543359 0.230417 0.983787 0.205148 0.153759 0.688585
0.344223 0.559163 0.719460 0.629235 0.056700 0.059818 0.081942 0.754469 0.532101 0.018314 0.955727 0.870490
0.415411 0.109721 0.168281 0.755505 0.723808 0.356722 0.785222 0.104868 0.488721 0.537334 0.783709 0.996890
0.815995 0.982987 0.342353 0.456875 0.714938 0.801505 0.957880 0.200236 0.956746 0.125954 0.397942 0.807076
0.675475 0.917598 0.899410 0.426086 0.738514 0.684344 0.705079 0.616393 0.428774 0.373677 0.478223 0.651566
0.997635 0.999816 0.963556 0.503465 0.325418 0.098521 0.699106 0.738620 0.871314 0.988843 0.939794 0.244097
0.942498 0.009184 0.186683 0.149610 0.156221 0.415637 0.777998 0.028404 0.261157 0.811396 0.518654 0.067205
0.544171 0.598429 0.404552 0.344933 0.675519 0.752898 0.358509 0.214210 0.765366 0.598575 0.566381 0.513990
0.166297 0.686274 0.723283 0.628560 0.958778 0.442729 0.581729 0.642688 0.155721 0.896790 0.607521 0.369300
0.725604 0.632685 0.999094 0.572047 0.188693 0.525052 0.499548 0.814386 0.711070 0.714825 0.332880 0.973150
0.583778 0.907482 0.085608 0.161259 0.499639 0.218978 0.901335 0.136446 0.546040 0.346324 0.354734 0.718760
0.931877 0.451376 0.459371 0.798732 0.017208 0.927895 0.734621 0.335731 0.674736 0.493232 0.036821 0.605548
0.448001 0.169619 0.406796 0.098674 0.013212 0.691564 0.305033 0.385999 0.135830 0.565681 0.892792 0.671420
0.433524 0.579823 0.207543 0.946373 0.807584 0.683638 0.855744 0.107956 0.259078 0.867318 0.956730 0.175238
0.341047 0.150056 0.946932 0.473459 0.852843 0.659920 0.390378 0.843563 0.174179 0.663067 0.925072 0.768192
0.259034 0.148475 0.818179 0.305056 0.410922 0.566009 0.013252 0.959281 0.662658 0.001529 0.856875 0.756226
0.077078 0.799216 0.008353 0.677937 0.606850 0.632219 0.450708 0.076786 0.456733 0.001444 0.238640 0.870521
0.164640 0.071082 0.322475 0.613525 0.198890 0.632161 0.811059 0.536988 0.240564 0.682153 0.111405 0.961920
0.191081 0.548379 0.010488 0.072560 0.021340 0.402711 0.344156 0.583280 0.699529 0.924851 0.474693 0.078503
0.549435 0.864146 0.832427 0.785631 0.127087 0.884146 0.739630 0.680614 0.488773 0.873943 0.095929 0.555425
0.325002 0.084528 0.351755 0.573719 0.826151 0.685482 0.899520 0.200185 0.062086 0.851882 0.311899 0.607441
0.543332 0.201643 0.197584 0.697572 0.033231 0.014379 0.712351 0.697822 0.941765 0.568405 0.855626 0.887895
0.792696 0.697586 0.565339 0.120206 0.687183 0.936751 0.242853 0.360124 0.911053 0.091598 0.518138 0.216107
0.524318 0.382942 0.260079 0.381391 0.301588 0.637145 0.875659 0.935959 0.014458 0.851712 0.400559 0.675929
0.638613 0.805874 0.294203 0.332696 0.816901 0.994965 0.912191 0.710676 0.358460 0.141579 0.647094 0.601546
0.419106 0.836181 0.749744 0.838312 0.134195 0.800084 0.609597 0.747143 0.632093 0.734486 0.868188 0.048722
0.101721 0.750517 0.538919 0.912971 0.971623 0.421661 0.764190 0.012116 0.647192 0.224819 0.745321 0.739192
0.062600 0.560368 0.873395 0.579438 0.659755 0.722422 0.956550 0.932374 0.514489 0.943338 0.473128 0.658774
0.034611 0.089965 0.397739 0.391216 0.375532 0.501697 0.385326 0.873702 0.836419 0.601588 0.674885 0.121632
0.948019 0.926903 0.929641 0.404282 0.804846 0.344421 0.758197 0.326917 0.106081 0.186379 0.960059 0.115840
0.464111 0.568551 0.432861 0.677058 0.223576 0.404571 0.511290 0.300201 0.900119 0.041334 0.179171 0.065872
0.917120 0.190968 0.283987 0.994174 0.449226 0.163601 0.763876 0.265952 0.046667 0.012733 0.684079 0.895201
0.525278 0.281571 0.433260 0.871453 0.984094 0.565494 0.610255 0.083344 0.635910 0.413878 0.293038 0.047321
0.473608 0.527455 0.765890 0.880504 0.853391 0.673439 0.977568 0.316592 0.785471 0.823210 0.502856 0.621178
0.119245 0.591405 0.528204 0.142190 0.672297 0.857157 0.303748 0.096557 0.086528 0.423047 0.818154 0.110042
0.002289 0.875940 0.482663 0.116537 0.515997 0.237963 0.853900 0.614010 0.584000 0.675565 0.053626 0.538956
0.414269 0.861457 0.280399 0.455898 0.229220 0.255780 0.836951 0.800800 0.941618 0.731838 0.072849 0.641065
0.331634 0.342178 0.436105 0.140371 0.530185 0.209922 0.700178 0.596341 0.156669 0.204585 0.268811 0.467573
0.160777 0.367221 0.780446 0.563867 0.164027 0.676034 0.815808 0.329730 0.432949 0.344222 0.468506 0.428091
0.093773 0.901980 0.690760 0.640927 0.043302 0.139090 0.442562 0.931206 0.653227 0.940083 0.431715 0.700303
