0.578113 0.183056 0.937651 0.582665 0.100958 0.330762 0.798630 0.777849 0.239339 0.431039 0.357046 0.808799
0.037460 0.901006 0.191415 0.930062 0.168373 0.138963 0.358143 0.098305 0.872757 0.204236 0.820181 0.370724
0.796755 0.752972 0.672574 0.400093 0.697708 0.226730 0.658054 0.645578 0.023750 0.330249 0.797304 0.305226
0.783869 0.013088 0.516644 0.557998 0.408645 0.617804 0.670350 0.653279 0.380422 0.983633 0.348998 0.614481
0.644876 0.333546 0.148715 0.384638 0.979140 0.367138 0.579714 0.719860 0.778618 0.403066 0.242667 0.864935
0.464493 0.212039 0.689582 0.263424 0.339227 0.976829 0.982298 0.547959 0.162484 0.272412 0.006959 0.325158
0.884120 0.695688 0.781749 0.942744 0.827102 0.476361 0.137688 0.887206 0.118781 0.284045 0.032936 0.874606
0.801137 0.071450 0.651608 0.337121 0.397795 0.413883 0.180337 0.858785 0.437722 0.058845 0.767354 0.550641
0.506372 0.600298 0.413596 0.670136 0.781208 0.419248 0.989790 0.513176 0.625963 0.720043 0.280523 0.509886
0.565330 0.566031 0.910331 0.952888 0.884172 0.669563 0.708941 0.972564 0.264005 0.574871 0.618851 0.816190
0.639440 0.777116 0.599593 0.769009 0.163970 0.601045 0.317325 0.712289 0.256497 0.656322 0.491864 0.159714
0.143553 0.433204 0.670486 0.165725 0.107447 0.538750 0.216577 0.265686 0.471717 0.454642 0.748043 0.193127
0.246552 0.112867 0.191442 0.110710 0.292704 0.834080 0.483722 0.192542 0.289267 0.770632 0.782800 0.315095
0.648479 0.064845 0.337358 0.776893 0.107470 0.682573 0.801428 0.515372 0.216928 0.663420 0.996697 0.363674
0.346418 0.257603 0.425412 0.297628 0.256278 0.376164 0.066857 0.563941 0.476839 0.268536 0.394917 0.465642
0.227584 0.456351 0.624585 0.875216 0.289943 0.608640 0.465598 0.947658 0.394289 0.122368 0.606950 0.384935
0.607788 0.908410 0.143276 0.983628 0.843984 0.838653 0.470844 0.605973 0.291869 0.089302 0.846126 0.532236
0.519744 0.512860 0.782264 0.038926 0.646991 0.396729 0.190066 0.956990 0.714701 0.062684 0.262527 0.814401
0.304270 0.654183 0.364655 0.790460 0.421872 0.757105 0.138247 0.910787 0.743778 0.824221 0.552516 0.984938
0.170445 0.155138 0.588119 0.435460 0.298952 0.479674 0.647288 0.832111 0.983092 0.091770 0.184004 0.711344
0.780880 0.330811 0.931484 0.419073 0.317702 0.610191 0.786037 0.539678 0.442826 0.455900 0.570332 0.343790
0.482968 0.911761 0.612604 0.735298 0.809076 0.670695 0.792038 0.677095 0.701012 0.371970 0.325661 0.218041
0.640727 0.030278 0.234174 0.653301 0.418774 0.213447 0.699562 0.614912 0.003461 0.222888 0.703835 0.221201
0.345743 0.111973 0.606458 0.514165 0.823802 0.263239 0.653377 0.076620 0.539128 0.828795 0.138813 0.659944
0.928317 0.097754 0.503767 0.190229 0.519591 0.592538 0.095538 0.071119 0.938564 0.823831 0.403225 0.274737
0.340432 0.500307 0.134866 0.815639 0.561601 0.192912 0.813374 0.588250 0.608627 0.360540 0.065175 0.593185
0.057999 0.408450 0.767517 0.923369 0.551734 0.101544 0.082026 0.846237 0.187876 0.090350 0.480233 0.046511
0.655458 0.983452 0.284383 0.544102 0.566628 0.141442 0.611643 0.495476 0.095509 0.283100 0.444695 0.770592
0.466605 0.059110 0.502739 0.030419 0.221916 0.197914 0.175435 0.032428 0.708105 0.878856 0.895824 0.985927
0.650652 0.309773 0.601077 0.610347 0.749236 0.853722 0.943245 0.440839 0.860377 0.548076 0.489740 0.500892
0.571016 0.622355 0.335016 0.585177 0.303330 0.064863 0.248275 0.174353 0.328924 0.609811 0.094551 0.521966
0.569821 0.798074 0.319512 0.816524 0.349907 0.646960 0.882916 0.247991 0.654042 0.592386 0.419204 0.902647
0.353942 0.711663 0.783372 0.730871 0.042760 0.262176 0.469649 0.603375 0.863893 0.149692 0.389843 0.590448
0.246047 0.306862 0.369186 0.949218 0.992141 0.505295 0.068419 0.980179 0.054900 0.079311 0.647278 0.524741
0.612739 0.659303 0.255410 0.845443 0.900086 0.246794 0.554492 0.142007 0.288422 0.234571 0.352658 0.443137
0.498341 0.783923 0.964856 0.617559 0.385585 0.349922 0.066913 0.410571 0.453613 0.600158 0.569198 0.800193
0.788637 0.013304 0.071955 0.403371 0.627937 0.049158 0.430194 0.414392 0.509333 0.398964 0.944852 0.681808
0.174812 0.527491 0.542045 0.263057 0.588147 0.171898 0.727849 0.817652 0.265554 0.246312 0.176052 0.690390
0.276159 0.170532 0.376298 0.051105 0.112489 0.136374 0.515905 0.966544 0.434904 0.223514 0.130453 0.099766
0.403288 0.254277 0.467588 0.038186 0.597662 0.350311 0.055782 0.884971 0.482647 0.380847 0.595173 0.500646
0.415404 0.948460 0.229565 0.933519 0.592696 0.746331 0.769228 0.660493 0.814795 0.081685 0.429887 0.350494
0.063927 0.517716 0.691453 0.829190 0.698399 0.882300 0.969587 0.464751 0.712742 0.876005 0.471642 0.868867
0.900032 0.635111 0.760553 0.816966 0.792490 0.060009 0.596981 0.650409 0.876434 0.898709 0.776386 0.556420
0.501897 0.735337 0.105920 0.507532 0.294678 0.477151 0.644388 0.360896 0.310150 0.486624 0.426809 0.957624
0.315466 0.646130 0.063392 0.251919 0.200718 0.195467 0.610457 0.289022 0.618016 0.594425 0.001032 0.910766
0.802469 0.534018 0.861885 0.518585 0.208360 0.254540 0.068707 0.690541 0.705210 0.848968 0.479711 0.880120
0.629948 0.136165 0.294303 0.619359 0.752598 0.766317 0.983447 0.009719 0.333619 0.994765 0.894713 0.279287
0.924200 0.938644 0.317218 0.824157 0.099221 0.467414 0.387011 0.965247 0.717165 0.669836 0.573875 0.723927
0.817063 0.354324 0.422284 0.998620 0.336392 0.126207 0.750505 0.740117 0.118635 0.456060 0.339960 0.203103
0.930331 0.358151 0.117127 0.953970 0.040837 0.625883 0.925134 0.892907 0.870489 0.427503 0.492902 0.625674
0.235107 0.001217 0.928474 0.735228 0.044108 0.518048 0.066943 0.808955 0.380534 0.035452 0.725141 0.733784
0.018874 0.064042 0.272115 0.911498 0.528859 0.748371 0.444325 0.698718 0.829821 0.406089 0.615666 0.243422
0.453650 0.866486 0.630318 0.054170 0.436204 0.676754 0.170633 0.553487 0.683113 0.434650 0.774889 0.979752
0.830117 0.479583 0.559396 0.994834 0.725374 0.594070 0.706388 0.362183 0.463569 0.057641 0.497274 0.128076
0.498606 0.090733 0.416629 0.457039 0.626457 0.532284 0.619220 0.547633 0.820117 0.217230 0.224469 0.296069
0.482744 0.481781 0.756460 0.672913 0.407575 0.019072 0.136113 0.673060 0.250895 0.137902 0.968159 0.646045
0.743998 0.871555 0.608843 0.638704 0.357939 0.882550 0.818859 0.230064 0.180989 0.345848 0.671466 0.342456
0.880532 0.266617 0.924238 0.764124 0.541023 0.087442 0.807543 0.607620 0.015142 0.464947 0.093113 0.670885
0.305933 0.326106 0.925276 0.133553 0.169739 0.667872 0.851232 0.452119 0.014919 0.437656 0.618520 0.452277
0.497483 0.008476 0.629413 0.139652 0.377997 0.764122 0.099474 0.955632 0.675562 0.691238 0.278062 0.580884
0.347041 0.743291 0.258589 0.350563 0.010841 0.263981 0.431678 0.613644 0.884178 0.149423 0.275270 0.706286
0.375886 0.201791 0.250379 0.032696 0.038287 0.418068 0.770001 0.729665 0.771335 0.065521 0.340390 0.789479
0.100062 0.908039 0.146666 0.992961 0.162763 0.287757 0.123779 0.647766 0.142461 0.320499 0.843848 0.797912
0.234418 0.174668 0.167399 0.919333 0.150097 0.651399 0.107387 0.191326 0.708658 0.131345 0.551034 0.306121
0.385273 0.124850 0.939546 0.509262 0.373456 0.114202 0.699598 0.211981 0.582671 0.922872 0.534649 0.375837
0.709338 0.507477 0.293143 0.016762 0.592081 0.088281 0.825460 0.875463 0.020141 0.202570 0.278231 0.998370
0.215570 0.529818 0.724852 0.232153 0.106035 0.233958 0.213266 0.399626 0.061375 0.467756 0.229578 0.269413
0.077528 0.029895 0.817426 0.036849 0.476341 0.187778 0.200627 0.448595 0.963545 0.835157 0.239206 0.412236
0.307376 0.949662 0.908557 0.365133 0.428893 0.703503 0.443751 0.796726 0.819993 0.590695 0.224597 0.332994
0.132343 0.749297 0.723484 0.656682 0.219615 0.794546 0.496602 0.069268 0.254537 0.010121 0.936842 0.625797
0.956865 0.576740 0.573762 0.707794 0.601903 0.234220 0.337057 0.333978 0.811116 0.369603 0.046971 0.503354
0.306787 0.453100 0.385583 0.269914 0.331384 0.549687 0.239252 0.581585 0.178950 0.905771 0.253174 0.566637
0.606632 0.711406 0.492161 0.136232 0.448806 0.258209 0.592374 0.936237 0.208725 0.617843 0.488582 0.581175
0.607734 0.096772 0.785304 0.452068 0.679034 0.338235 0.130670 0.818372 0.849208 0.407019 0.259019 0.711869
0.036570 0.528098 0.495980 0.167099 0.535264 0.729272 0.737379 0.964197 0.933764 0.451866 0.476271 0.259310
0.116498 0.805123 0.321888 0.074578 0.773134 0.025193 0.820612 0.338953 0.105503 0.446786 0.419959 0.974793
0.463381 0.696889 0.801147 0.509139 0.906610 0.890777 0.260547 0.599701 0.092918 0.393718 0.717357 0.733858
0.031150 0.501312 0.375328 0.644626 0.901334 0.876916 0.997213 0.116904 0.279487 0.654874 0.940174 0.978804
0.779230 0.538567 0.748252 0.423110 0.910201 0.255125 0.434557 0.343917 0.779697 0.606565 0.167988 0.849320
0.886324 0.900220 0.628655 0.581074 0.936939 0.787272 0.353177 0.432634 0.056978 0.659584 0.758011 0.948798
0.930940 0.474193 0.484632 0.267625 0.207688 0.201843 0.067242 0.729911 0.219797 0.437903 0.311246 0.909753
0.739103 0.644555 0.595011 0.187422 0.444181 0.906494 0.188686 0.764096 0.116078 0.947347 0.019799 0.202524
0.152870 0.479347 0.524608 0.620072 0.986273 0.802821 0.210193 0.000605 0.668019 0.622467 0.259801 0.668919
0.709228 0.172234 0.748740 0.325404 0.696089 0.803965 0.563259 0.752277 0.819607 0.956428 0.916402 0.870743
0.602732 0.216071 0.715121 0.285315 0.654722 0.371396 0.592116 0.435934 0.839944 0.635406 0.988107 0.750814
0.154464 0.356574 0.122466 0.481736 0.028266 0.407856 0.904617 0.041912 0.081375 0.515347 0.368317 0.798898
0.453601 0.069994 0.187112 0.052886 0.787936 0.869846 0.141791 0.740566 0.825573 0.259433 0.461149 0.579369
0.134238 0.780110 0.695869 0.663024 0.455493 0.451071 0.496126 0.470867 0.756720 0.117463 0.814314 0.745461
0.790487 0.002990 0.138030 0.378390 0.656375 0.462636 0.201178 0.056915 0.304504 0.450934 0.989114 0.525056
0.983258 0.908517 0.266895 0.545893 0.483073 0.804274 0.357574 0.766473 0.135026 0.961594 0.682935 0.449048
0.572350 0.495447 0.574561 0.533446 0.432232 0.979940 0.021258 0.417276 0.815821 0.194485 0.746439 0.180660
0.863959 0.887472 0.938520 0.230468 0.346790 0.001981 0.556603 0.004170 0.113713 0.281551 0.008866 0.887685
0.746451 0.485156 0.772161 0.961472 0.787512 0.843676 0.544483 0.623126 0.859350 0.656187 0.545134 0.208573
0.066857 0.010572 0.036793 0.467387 0.304443 0.182107 0.306460 0.743645 0.235886 0.956603 0.649641 0.506701
0.300989 0.352828 0.309211 0.982195 0.900865 0.629249 0.578059 0.024430 0.702927 0.598806 0.328374 0.482725
0.306261 0.450904 0.268042 0.912989 0.071627 0.162401 0.065194 0.736588 0.140598 0.055848 0.633547 0.197567
0.383815 0.855596 0.524079 0.383475 0.241173 0.087304 0.408332 0.007952 0.799085 0.768238 0.136988 0.999099
0.185807 0.179870 0.259835 0.557380 0.080795 0.834009 0.977300 0.518303 0.929396 0.856209 0.043450 0.053931
0.717779 0.946031 0.428686 0.053193 0.601600 0.513827 0.445289 0.363244 0.190214 0.741369 0.217024 0.502905
0.464573 0.324221 0.804113 0.488081 0.341289 0.874460 0.209859 0.385748 0.200220 0.250859 0.956196 0.342391
0.482835 0.331537 0.811706 0.173014 0.631977 0.249914 0.817613 0.170374 0.992783 0.273894 0.872480 0.652673
0.835690 0.241574 0.417212 0.793780 0.282623 0.126850 0.729630 0.243861 0.389553 0.031116 0.308767 0.663677
0.742615 0.257398 0.762651 0.139007 0.753637 0.195294 0.271864 0.118922 0.963195 0.695696 0.446411 0.164774
0.908235 0.118821 0.011770 0.094912 0.066842 0.816535 0.343951 0.846466 0.897327 0.094726 0.036432 0.345802
0.940859 0.127362 0.341439 0.480250 0.380029 0.192962 0.336505 0.465548 0.634686 0.564276 0.124477 0.077097
0.196689 0.664742 0.029030 0.593211 0.626775 0.347405 0.507432 0.873447 0.813647 0.158910 0.613140 0.935863
0.426326 0.872669 0.443236 0.185500 0.387684 0.143464 0.568195 0.732153 0.912138 0.915952 0.876497 0.778295
0.929693 0.215755 0.322780 0.592977 0.470165 0.911233 0.707361 0.111312 0.344186 0.929327 0.989904 0.407940
0.633810 0.493731 0.875835 0.061635 0.001183 0.476304 0.407714 0.127133 0.016134 0.311583 0.495714 0.317830
0.592354 0.030497 0.041572 0.661659 0.951365 0.074648 0.567086 0.557191 0.195071 0.597529 0.334374 0.513444
0.854521 0.493302 0.707492 0.738545 0.863305 0.724600 0.129563 0.171272 0.256163 0.460064 0.072509 0.760084
0.900045 0.910317 0.788247 0.237986 0.874655 0.616350 0.293309 0.145821 0.116123 0.313383 0.210021 0.002867
0.045385 0.902689 0.313227 0.083831 0.978876 0.033232 0.894110 0.409507 0.767439 0.351012 0.178514 0.388322
0.823977 0.407331 0.793452 0.759106 0.198737 0.017974 0.266396 0.939400 0.035747 0.878388 0.516752 0.854644
0.617200 0.365995 0.603563 0.733211 0.679561 0.187749 0.659330 0.506841 0.931792 0.248702 0.898700 0.377367
0.274653 0.475587 0.342554 0.706447 0.949375 0.348710 0.525168 0.282910 0.007812 0.899250 0.328441 0.616855
0.063247 0.552752 0.091386 0.688689 0.238080 0.238026 0.840214 0.300005 0.972371 0.756581 0.594505 0.129181
0.420299 0.072919 0.851967 0.201095 0.117462 0.715577 0.770019 0.876279 0.897997 0.878969 0.581772 0.106489
0.581293 0.657809 0.775258 0.204352 0.952941 0.446959 0.619196 0.779870 0.260433 0.684234 0.961476 0.430102
0.442259 0.633584 0.544981 0.496197 0.390512 0.348849 0.029590 0.367071 0.798372 0.451978 0.022487 0.191474
0.425531 0.148100 0.367059 0.639021 0.694910 0.398660 0.113895 0.533932 0.231602 0.276444 0.999715 0.839758
0.735414 0.599436 0.867185 0.192146 0.574207 0.972108 0.953654 0.209802 0.581828 0.609409 0.983835 0.429602
0.425839 0.618495 0.163869 0.089760 0.872781 0.692186 0.473088 0.901209 0.880868 0.542843 0.705023 0.087267
0.513842 0.111335 0.646680 0.971189 0.452353 0.685740 0.655878 0.713459 0.480848 0.393223 0.212320 0.431880
0.850368 0.508118 0.440511 0.909164 0.176926 0.773631 0.593856 0.051394 0.530092 0.194740 0.660149 0.035265
0.782808 0.862350 0.987860 0.440961 0.822248 0.966909 0.529156 0.725729 0.285674 0.442920 0.307048 0.208278
0.702005 0.573027 0.580866 0.221667 0.854784 0.418421 0.632605 0.984099 0.020143 0.367509 0.406164 0.826800
0.079399 0.782752 0.961788 0.269717 0.523268 0.098478 0.379451 0.880442 0.466813 0.598923 0.660007 0.675468
0.602238 0.557277 0.043951 0.830922 0.686798 0.271223 0.019367 0.129214 0.388035 0.769654 0.937508 0.428445
0.258747 0.530802 0.905203 0.994009 0.376824 0.291150 0.737729 0.401770 0.117312 0.820249 0.834153 0.032498
0.452503 0.072371 0.202653 0.646163 0.250250 0.711364 0.494148 0.251160 0.329081 0.696104 0.372284 0.577586
0.618095 0.585253 0.530087 0.043076 0.366762 0.060304 0.858494 0.630258 0.063778 0.866464 0.752754 0.778922
0.654829 0.272280 0.969885 0.072062 0.878554 0.269371 0.841359 0.772082 0.323383 0.341373 0.582631 0.502620
0.012159 0.678749 0.502815 0.208919 0.689599 0.385976 0.535021 0.065412 0.899556 0.067832 0.165809 0.756302
0.626560 0.158284 0.919467 0.048006 0.954839 0.555045 0.593557 0.713513 0.776257 0.604024 0.690627 0.195321
0.194469 0.133131 0.067043 0.906080 0.097285 0.599196 0.626904 0.483472 0.222793 0.462805 0.152170 0.963473
0.711344 0.795635 0.405562 0.478738 0.980514 0.618675 0.058029 0.139221 0.011528 0.890991 0.286147 0.274326
0.651851 0.710910 0.629491 0.478268 0.507272 0.572294 0.493410 0.774642 0.175857 0.152399 0.728339 0.021561
0.486342 0.793331 0.627705 0.888946 0.650644 0.524591 0.186248 0.345946 0.133588 0.555201 0.965003 0.902350
0.321310 0.806792 0.443401 0.621262 0.396356 0.049751 0.339857 0.249058 0.285048 0.452615 0.200215 0.609129
0.149570 0.272942 0.462464 0.084084 0.224281 0.260541 0.315738 0.597251 0.792776 0.946162 0.851350 0.001062
0.811700 0.097947 0.396449 0.792297 0.199193 0.606408 0.381831 0.799919 0.715578 0.478869 0.942062 0.472430
0.354890 0.443874 0.190504 0.034413 0.837105 0.396498 0.843808 0.703211 0.325448 0.292911 0.666884 0.388674
0.784504 0.061594 0.893972 0.094376 0.168242 0.130179 0.262957 0.702973 0.902667 0.513265 0.321311 0.137232
0.350373 0.709231 0.349251 0.199580 0.369606 0.064863 0.829458 0.033409 0.735041 0.073442 0.321346 0.731029
0.398903 0.807364 0.973175 0.265751 0.330026 0.724651 0.760303 0.412139 0.536717 0.035941 0.900916 0.105200
0.474188 0.749727 0.848356 0.676589 0.665156 0.665370 0.264786 0.538582 0.779491 0.827272 0.412031 0.997192
0.455698 0.417079 0.778883 0.240075 0.963673 0.889063 0.871427 0.279399 0.880601 0.519388 0.452170 0.387723
0.806074 0.226199 0.125324 0.499998 0.631146 0.985509 0.558217 0.028607 0.475597 0.029054 0.563729 0.971188
0.203973 0.508821 0.299595 0.577912 0.097232 0.774160 0.032605 0.318417 0.607162 0.696117 0.152608 0.350099
0.444341 0.164402 0.800322 0.498711 0.690967 0.914407 0.187979 0.579214 0.340178 0.965997 0.678993 0.048568
0.353179 0.660710 0.774932 0.918896 0.819732 0.945677 0.007200 0.302370 0.477496 0.347861 0.095581 0.770119
0.936708 0.406064 0.746418 0.875948 0.031274 0.146160 0.438564 0.892412 0.828467 0.310933 0.115483 0.233228
0.349052 0.682075 0.705420 0.342534 0.855692 0.192088 0.285821 0.946521 0.580068 0.232893 0.330527 0.679894
0.634672 0.263705 0.397618 0.757637 0.001678 0.348360 0.135150 0.692565 0.953734 0.535901 0.479125 0.955088
0.716760 0.459385 0.476644 0.291594 0.585732 0.262927 0.524419 0.143630 0.537606 0.682213 0.444671 0.147054
0.567068 0.714460 0.316108 0.424630 0.962169 0.912982 0.545104 0.221452 0.311485 0.764717 0.837026 0.305491
0.359601 0.568704 0.650846 0.771509 0.606819 0.582788 0.499595 0.185601 0.586447 0.680573 0.202536 0.453558
0.786220 0.425926 0.267118 0.569052 0.059147 0.695389 0.373972 0.785222 0.594987 0.753810 0.246723 0.792233
0.076384 0.983228 0.444513 0.756052 0.996034 0.245950 0.945648 0.992094 0.429085 0.295112 0.351793 0.457271
0.950632 0.493497 0.577331 0.386049 0.639016 0.453317 0.914897 0.826938 0.778960 0.512191 0.380454 0.627502
0.634341 0.026513 0.272089 0.493758 0.854377 0.967758 0.079801 0.852329 0.393700 0.883912 0.308465 0.230348
0.126097 0.385489 0.741023 0.254472 0.027026 0.287856 0.128456 0.218058 0.121660 0.852893 0.103976 0.799456
0.879094 0.644372 0.359204 0.848137 0.874632 0.214240 0.813072 0.284844 0.604267 0.431310 0.021880 0.696614
0.531000 0.487871 0.429161 0.755032 0.101192 0.478115 0.801068 0.814403 0.203821 0.388970 0.487167 0.272823
0.895182 0.315900 0.507851 0.482820 0.972639 0.761472 0.263866 0.114680 0.379189 0.950716 0.775779 0.778039
0.624165 0.120050 0.662835 0.038495 0.550754 0.793205 0.227409 0.483522 0.344223 0.622140 0.822253 0.662380
0.509317 0.760186 0.016905 0.303577 0.902204 0.035766 0.574670 0.811244 0.133428 0.471383 0.595083 0.577474
0.765859 0.124493 0.738235 0.228929 0.434679 0.990714 0.681449 0.992184 0.288316 0.583452 0.735610 0.816403
0.239027 0.997747 0.911092 0.274943 0.635098 0.070113 0.451929 0.588536 0.404674 0.952815 0.644885 0.032899
0.644226 0.884387 0.306392 0.596039 0.877509 0.391601 0.689293 0.007982 0.687411 0.507795 0.989931 0.439988
0.081587 0.041800 0.401586 0.652878 0.931110 0.197890 0.807816 0.336309 0.899248 0.638424 0.071649 0.438912
0.606995 0.063866 0.910596 0.410113 0.741702 0.650390 0.471568 0.959211 0.600451 0.812276 0.948095 0.770521
0.896098 0.334553 0.056615 0.193419 0.329709 0.209619 0.839127 0.580236 0.875063 0.803005 0.469937 0.010893
0.991241 0.690040 0.818137 0.801876 0.147407 0.905263 0.739321 0.112557 0.418566 0.885350 0.116148 0.739041
0.655429 0.676966 0.071158 0.104454 0.070800 0.982758 0.051454 0.597319 0.514965 0.483532 0.717048 0.952611
0.746103 0.976374 0.314274 0.146283 0.640406 0.135225 0.818744 0.405469 0.986539 0.602504 0.948707 0.701617
0.190719 0.890594 0.680397 0.458444 0.154714 0.664945 0.683004 0.178537 0.586006 0.757082 0.289326 0.097268
0.886409 0.912472 0.015619 0.400478 0.152260 0.327693 0.543979 0.915783 0.048389 0.563030 0.373306 0.861062
0.479459 0.100662 0.842577 0.740741 0.810831 0.470855 0.120917 0.360990 0.865824 0.502881 0.363438 0.227857
0.604292 0.098599 0.702520 0.432155 0.051853 0.580580 0.800391 0.603213 0.706116 0.628206 0.951085 0.847108
0.509811 0.235014 0.691688 0.957884 0.644595 0.800419 0.501522 0.278768 0.111621 0.387386 0.176940 0.270450
0.952960 0.796924 0.083946 0.329864 0.215520 0.427246 0.538614 0.185472 0.920660 0.189893 0.875389 0.003150
0.391910 0.442130 0.601392 0.546891 0.856196 0.107310 0.727304 0.717866 0.506326 0.708032 0.858641 0.382639
0.426488 0.552374 0.456237 0.799537 0.534634 0.299117 0.302065 0.126801 0.584700 0.507182 0.850859 0.131278
0.695709 0.246685 0.911756 0.269969 0.344490 0.828316 0.348356 0.919654 0.360889 0.231873 0.180995 0.295958
0.447817 0.602875 0.988675 0.318956 0.498160 0.874562 0.417899 0.910573 0.787784 0.396844 0.212408 0.445787
0.361515 0.364555 0.570576 0.317223 0.062412 0.580929 0.813248 0.377486 0.553576 0.145801 0.410530 0.263540
0.460412 0.278707 0.961237 0.733276 0.789706 0.274276 0.109467 0.068194 0.710778 0.438373 0.229211 0.943281
0.817683 0.499946 0.772738 0.210983 0.605705 0.887746 0.170397 0.567358 0.190431 0.647680 0.397195 0.935641
0.876051 0.769989 0.770355 0.432335 0.969183 0.285935 0.012187 0.863712 0.999332 0.214949 0.793704 0.405734
0.095223 0.077004 0.065512 0.724045 0.816802 0.899966 0.558149 0.900551 0.848178 0.843309 0.552550 0.452606
0.178163 0.632243 0.598102 0.965254 0.244415 0.271320 0.296218 0.109230 0.343757 0.304326 0.979749 0.677754
0.530926 0.803525 0.538266 0.537488 0.217614 0.620481 0.595094 0.106930 0.951967 0.150741 0.550977 0.471547
0.685915 0.501472 0.668326 0.234927 0.200071 0.584775 0.917379 0.584335 0.802417 0.680151 0.989624 0.809259
0.231424 0.659468 0.671138 0.281589 0.058361 0.943732 0.888530 0.810436 0.133043 0.286630 0.465992 0.360984
0.148102 0.163095 0.061923 0.644866 0.259301 0.240130 0.336174 0.423832 0.775370 0.260260 0.483229 0.167649
0.569421 0.483161 0.678563 0.397874 0.688429 0.020403 0.232428 0.848668 0.796328 0.443342 0.019973 0.148405
0.792912 0.910749 0.625547 0.237824 0.663942 0.746339 0.587684 0.987808 0.548047 0.204791 0.687819 0.754841
0.335779 0.455925 0.231355 0.864076 0.402667 0.721405 0.360843 0.537724 0.096375 0.357867 0.130276 0.770050
0.919382 0.732780 0.210490 0.362392 0.742655 0.591030 0.054396 0.142499 0.904889 0.359906 0.013895 0.492072
0.949610 0.498241 0.220874 0.252674 0.506739 0.203034 0.041965 0.103403 0.014865 0.984291 0.473399 0.069838
0.583950 0.104929 0.837435 0.767780 0.214750 0.914139 0.758988 0.385652 0.092653 0.477432 0.643337 0.451122
0.721571 0.348100 0.721489 0.542808 0.686561 0.799738 0.896896 0.258088 0.224751 0.873990 0.765930 0.404859
0.352968 0.673310 0.370521 0.517690 0.926815 0.178540 0.975082 0.164149 0.444431 0.539838 0.219686 0.625642
0.192764 0.638643 0.582143 0.490410 0.554477 0.956740 0.886124 0.671000 0.055915 0.858759 0.556488 0.908676
0.036448 0.636280 0.659349 0.322793 0.143519 0.576814 0.015431 0.856511 0.025314 0.398255 0.588389 0.195525
0.081246 0.648928 0.544919 0.959405 0.142417 0.716585 0.790355 0.786162 0.386828 0.374441 0.121832 0.132313
0.820221 0.534279 0.750872 0.591825 0.392035 0.104821 0.769082 0.038388 0.413953 0.583182 0.932705 0.491629
0.966793 0.220199 0.935558 0.077814 0.959676 0.465823 0.058792 0.398465 0.950659 0.618773 0.476519 0.376368
0.667927 0.759844 0.308540 0.068178 0.714280 0.751323 0.841947 0.240941 0.376992 0.028303 0.870125 0.033548
0.624845 0.600202 0.301838 0.483031 0.990997 0.443160 0.142536 0.366112 0.410730 0.139762 0.007909 0.587781
0.947680 0.364869 0.830506 0.263896 0.748766 0.234097 0.831589 0.963699 0.196149 0.154872 0.324490 0.983094
0.174296 0.086012 0.835471 0.630279 0.105466 0.999758 0.308808 0.379485 0.535657 0.985695 0.237125 0.964265
0.736053 0.042406 0.972050 0.671324 0.540081 0.034654 0.301477 0.917750 0.932807 0.363062 0.396453 0.206842
0.290389 0.772032 0.690354 0.377681 0.131766 0.565657 0.380773 0.887138 0.209251 0.406682 0.198801 0.755886
0.503828 0.302838 0.634629 0.147277 0.195350 0.903166 0.331327 0.445693 0.989715 0.632557 0.487048 0.238290
0.983572 0.663532 0.461437 0.726120 0.099969 0.537245 0.265440 0.339544 0.147933 0.871306 0.763937 0.242899
0.949529 0.419005 0.473550 0.308813 0.856183 0.013335 0.890691 0.519903 0.893097 0.537704 0.849173 0.608789
0.397582 0.909133 0.159823 0.402671 0.987228 0.149300 0.038649 0.305404 0.174751 0.628959 0.679459 0.727066
0.860071 0.739050 0.741836 0.149595 0.812439 0.444709 0.433169 0.221122 0.555942 0.294060 0.222443 0.008474
0.895491 0.196695 0.095518 0.331569 0.452966 0.062931 0.368833 0.808542 0.233575 0.070542 0.616876 0.636548
0.652613 0.013264 0.508868 0.760840 0.213805 0.658463 0.903700 0.781524 0.689471 0.503623 0.638556 0.410057
0.717332 0.626839 0.070208 0.275040 0.573633 0.904964 0.501405 0.264443 0.307347 0.897481 0.324463 0.071101
0.177840 0.643015 0.650912 0.921553 0.906110 0.572765 0.518628 0.917890 0.359162 0.810562 0.261885 0.062940
0.729386 0.177958 0.936268 0.020971 0.888568 0.110056 0.143828 0.609366 0.415076 0.286685 0.277920 0.723222
0.932193 0.527531 0.327001 0.675675 0.541332 0.494283 0.603043 0.038642 0.971813 0.267241 0.853486 0.355779
0.869508 0.343900 0.206719 0.150876 0.317787 0.534154 0.911561 0.463058 0.069152 0.381453 0.579454 0.898506
0.959868 0.648821 0.017062 0.552878 0.005802 0.424876 0.849633 0.530957 0.717138 0.632291 0.773618 0.121724
0.394831 0.686583 0.875516 0.804609 0.348395 0.074130 0.448756 0.591471 0.310601 0.283752 0.320855 0.952449
0.776031 0.576423 0.809367 0.313283 0.349847 0.115304 0.471805 0.269823 0.926044 0.960034 0.304926 0.821438
0.749264 0.637005 0.558744 0.007595 0.073250 0.674252 0.762056 0.659879 0.255494 0.477061 0.459485 0.049570
0.220460 0.957988 0.708680 0.344053 0.555913 0.823981 0.924135 0.541459 0.332784 0.610360 0.254840 0.166229
0.931876 0.733003 0.471328 0.976560 0.875689 0.742235 0.888861 0.750861 0.049417 0.507381 0.196267 0.488414
0.155338 0.024678 0.451199 0.013689 0.637003 0.403189 0.277581 0.028064 0.477644 0.151178 0.504591 0.435916
0.521705 0.810550 0.120242 0.836535 0.550790 0.734333 0.539480 0.696962 0.755262 0.213785 0.343349 0.540943
0.047265 0.338740 0.024211 0.588598 0.059175 0.891068 0.793021 0.559610 0.048953 0.064221 0.929467 0.562431
0.299309 0.740853 0.199999 0.017468 0.145216 0.375721 0.647609 0.315622 0.615080 0.947819 0.836928 0.059203
0.357761 0.404473 0.281467 0.427343 0.251874 0.860311 0.285026 0.328342 0.117400 0.032351 0.756557 0.118793
0.290857 0.076432 0.900438 0.894130 0.127366 0.893972 0.143419 0.674575 0.380056 0.475225 0.838564 0.851334
0.070588 0.579551 0.528281 0.249650 0.995186 0.282419 0.084999 0.213881 0.170118 0.469158 0.080320 0.901646
0.085408 0.687365 0.591267 0.207328 0.288245 0.725841 0.657070 0.872292 0.854198 0.659085 0.700675 0.126287
0.738033 0.610465 0.708946 0.619026 0.805964 0.438424 0.594748 0.461514 0.195188 0.563236 0.666756 0.726775
0.040111 0.113736 0.059426 0.544188 0.612488 0.768745 0.564410 0.039987 0.172461 0.823329 0.855235 0.495684
0.653503 0.784681 0.608353 0.323372 0.345941 0.422040 0.062448 0.718136 0.189272 0.836237 0.085616 0.299849
0.381565 0.912255 0.421254 0.479694 0.523224 0.358028 0.842554 0.691099 0.961719 0.907480 0.176820 0.723149
0.315300 0.232129 0.674682 0.528398 0.397549 0.634682 0.643597 0.470745 0.201418 0.164027 0.277468 0.691438
0.285629 0.136319 0.135023 0.789755 0.100982 0.879947 0.723606 0.086020 0.851313 0.211337 0.109410 0.768761
0.514734 0.047609 0.596316 0.982741 0.566629 0.220524 0.837318 0.137621 0.204565 0.548085 0.651553 0.068107
0.462480 0.392953 0.310971 0.724919 0.701469 0.752541 0.111517 0.276986 0.288739 0.019405 0.213211 0.669503
0.754893 0.685508 0.955606 0.197711 0.727185 0.790715 0.397134 0.544191 0.789990 0.628324 0.642109 0.404883
0.702745 0.514157 0.805617 0.384223 0.704673 0.195881 0.799160 0.368665 0.395819 0.796774 0.792230 0.051623
0.341827 0.048806 0.788929 0.296103 0.836729 0.441589 0.176632 0.812459 0.122966 0.207518 0.145022 0.577146
0.558396 0.649191 0.464862 0.074088 0.079688 0.408574 0.009771 0.681234 0.374860 0.431263 0.078297 0.083171
0.283384 0.918465 0.428598 0.273969 0.105701 0.918721 0.744675 0.021483 0.366664 0.657760 0.170161 0.837304
0.856976 0.161618 0.077865 0.476548 0.361818 0.429949 0.394886 0.724454 0.882238 0.971450 0.250284 0.201832
0.011738 0.861891 0.299893 0.037810 0.777639 0.044975 0.874220 0.162152 0.855326 0.251317 0.729443 0.784288
0.618705 0.834344 0.669763 0.088716 0.370119 0.475115 0.395806 0.479678 0.758193 0.955200 0.568591 0.876564
0.526110 0.641480 0.900536 0.986298 0.629823 0.801272 0.865610 0.162496 0.317605 0.216957 0.124596 0.410186
0.710009 0.783863 0.374305 0.361579 0.693412 0.706092 0.501590 0.911593 0.536028 0.040472 0.755089 0.984403
0.556625 0.859978 0.571078 0.882927 0.307612 0.108851 0.641876 0.823251 0.638818 0.666874 0.599952 0.446040
0.894574 0.688710 0.534110 0.358938 0.162587 0.542154 0.627701 0.750541 0.165646 0.375762 0.095081 0.079689
0.251966 0.900893 0.570223 0.243554 0.097575 0.459236 0.404690 0.120111 0.646538 0.442885 0.654254 0.374362
0.072179 0.191935 0.414211 0.509358 0.661381 0.911800 0.788646 0.985274 0.455652 0.697412 0.703979 0.880851
0.634733 0.229386 0.008153 0.111315 0.234852 0.050335 0.396875 0.012716 0.432243 0.958895 0.527844 0.378546
0.705534 0.059018 0.489789 0.189670 0.263912 0.436803 0.434910 0.096295 0.951069 0.257621 0.739793 0.315779
0.260965 0.632885 0.763384 0.690078 0.736209 0.489527 0.017865 0.218350 0.123567 0.344027 0.356549 0.769684
0.922347 0.470128 0.973856 0.804693 0.170673 0.845637 0.974998 0.165812 0.976320 0.641435 0.170759 0.794781
0.357501 0.551509 0.386495 0.239552 0.530527 0.178851 0.088633 0.351401 0.497923 0.829772 0.123998 0.062063
0.520289 0.287304 0.276412 0.235886 0.178934 0.876103 0.150046 0.582416 0.482937 0.401094 0.876293 0.829086
0.083626 0.290583 0.535710 0.194542 0.186997 0.414191 0.137453 0.182423 0.454726 0.668031 0.520603 0.187238
0.797475 0.697059 0.545312 0.141349 0.824992 0.270738 0.225384 0.240737 0.708646 0.489810 0.329640 0.813529
0.888821 0.241246 0.258417 0.696418 0.656008 0.476757 0.600437 0.456196 0.265400 0.095780 0.239574 0.243569
0.624981 0.116950 0.028446 0.784552 0.624989 0.120256 0.885250 0.981140 0.771761 0.175922 0.177682 0.311886
0.219019 0.547785 0.601900 0.924601 0.752359 0.167426 0.337433 0.308425 0.632026 0.262939 0.066893 0.546560
0.690488 0.676787 0.644014 0.820312 0.312260 0.821611 0.586217 0.160539 0.878662 0.944908 0.697662 0.699353
0.173779 0.872675 0.682935 0.870488 0.951133 0.998089 0.481381 0.383743 0.173204 0.528836 0.877470 0.557212
0.416908 0.129752 0.683102 0.771023 0.619741 0.617688 0.317613 0.590246 0.524006 0.824471 0.984353 0.876841
0.165679 0.588529 0.941804 0.775433 0.711409 0.099008 0.708652 0.400749 0.083709 0.024451 0.319637 0.432007
0.973300 0.315154 0.798023 0.325750 0.315467 0.808907 0.284840 0.006951 0.898711 0.878134 0.188807 0.469807
0.839631 0.824237 0.320763 0.697414 0.359743 0.814928 0.188494 0.505933 0.312359 0.572361 0.875996 0.030077
0.190807 0.865532 0.695839 0.404879 0.886595 0.002005 0.412989 0.498830 0.923694 0.072070 0.516573 0.295482
0.754960 0.409824 0.115180 0.293397 0.851286 0.570334 0.335053 0.005823 0.303838 0.852278 0.631344 0.417340
0.913666 0.975804 0.979792 0.255861 0.969594 0.915267 0.719344 0.608997 0.285966 0.546081 0.108293 0.484755
0.123550 0.589427 0.207189 0.952246 0.616991 0.411313 0.958254 0.158867 0.104077 0.018924 0.133936 0.118868
0.134096 0.429800 0.906266 0.688415 0.337234 0.094179 0.259004 0.883736 0.979808 0.047733 0.870801 0.351803
0.048745 0.294339 0.155643 0.178463 0.741360 0.525134 0.412540 0.057817 0.793282 0.893728 0.433650 0.506821
0.749756 0.367707 0.551036 0.498598 0.936891 0.137083 0.378329 0.348504 0.369769 0.655294 0.057786 0.086825
0.600794 0.507868 0.821696 0.659682 0.628823 0.138344 0.986406 0.639483 0.226348 0.010427 0.785378 0.520715
0.174584 0.096107 0.367048 0.962216 0.105254 0.806523 0.777573 0.771228 0.045855 0.565934 0.069193 0.292190
0.851477 0.956243 0.873090 0.385597 0.772528 0.908518 0.436732 0.386269 0.204437 0.394763 0.834643 0.449782
0.545509 0.719242 0.661356 0.926128 0.775427 0.826165 0.020290 0.230268 0.037538 0.226501 0.224465 0.194497
0.015236 0.839071 0.867254 0.861525 0.417205 0.345292 0.744413 0.734285 0.552533 0.962589 0.179409 0.560421
0.048354 0.241102 0.955052 0.272728 0.995784 0.505852 0.582196 0.168422 0.141035 0.712583 0.001681 0.585761
0.801765 0.903020 0.187796 0.556986 0.312375 0.004676 0.200488 0.651631 0.055651 0.381428 0.704024 0.488181
0.434784 0.322870 0.729492 0.517972 0.743714 0.027096 0.580930 0.568236 0.869060 0.745877 0.740699 0.393535
0.366319 0.467869 0.746484 0.504719 0.171227 0.694882 0.657072 0.003718 0.080961 0.350072 0.099296 0.434539
0.657940 0.318015 0.449034 0.401688 0.332130 0.619138 0.893173 0.182299 0.805201 0.988095 0.949465 0.539292
0.663688 0.918274 0.631449 0.526194 0.762046 0.631524 0.700966 0.750723 0.520811 0.258566 0.617930 0.200558
0.513558 0.241026 0.155804 0.263892 0.089552 0.267516 0.206259 0.937665 0.047997 0.036987 0.915629 0.379224
