0.456958 0.463821 0.496819 0.782223 0.061589 0.535682 0.839549 0.721692 0.541310 0.989637 0.745303 0.372173
0.163466 0.659017 0.190531 0.692823 0.685151 0.182869 0.339706 0.122464 0.754604 0.321805 0.283427 0.765931
0.079652 0.946121 0.673006 0.062225 0.191681 0.581688 0.586785 0.447286 0.666836 0.130881 0.187602 0.812795
0.544325 0.421408 0.281341 0.681545 0.922008 0.482173 0.551939 0.188956 0.844741 0.265309 0.649902 0.589246
0.108645 0.973296 0.366602 0.600997 0.904235 0.720967 0.074904 0.041301 0.676890 0.502901 0.502419 0.073441
0.023246 0.213578 0.935905 0.512720 0.432326 0.949817 0.408364 0.334917 0.847741 0.050274 0.869755 0.299126
0.375115 0.814274 0.135142 0.576540 0.742529 0.007120 0.898748 0.625100 0.082774 0.276519 0.666049 0.683810
0.556544 0.072776 0.152431 0.823962 0.507187 0.122383 0.595331 0.129132 0.148233 0.260012 0.897165 0.493222
0.909286 0.132540 0.908660 0.933709 0.180852 0.241694 0.025903 0.595422 0.167517 0.231505 0.681748 0.855912
0.539902 0.448715 0.714152 0.226236 0.454812 0.901068 0.960147 0.106994 0.243745 0.456610 0.639349 0.084228
0.799374 0.110323 0.571489 0.931032 0.530757 0.686953 0.003366 0.314885 0.657315 0.212918 0.826074 0.320420
0.289957 0.141287 0.694244 0.565155 0.056862 0.949580 0.003007 0.539974 0.002031 0.867330 0.022002 0.061418
0.261662 0.680472 0.201572 0.452221 0.435691 0.184395 0.227773 0.518867 0.849673 0.624434 0.266890 0.791455
0.974245 0.967961 0.560496 0.719353 0.277806 0.784354 0.607865 0.902276 0.829451 0.261011 0.604685 0.135220
0.529692 0.314674 0.001341 0.861752 0.665292 0.463228 0.934951 0.569280 0.998123 0.320290 0.334976 0.562559
0.572556 0.879281 0.643794 0.434311 0.505112 0.754819 0.455292 0.365545 0.284080 0.469077 0.878892 0.323033
0.051080 0.126271 0.619971 0.644781 0.491491 0.051552 0.026741 0.141813 0.767477 0.052567 0.389528 0.888160
0.748087 0.414045 0.688641 0.867258 0.266488 0.704543 0.919158 0.399170 0.781576 0.867011 0.493621 0.145899
0.744953 0.000676 0.048266 0.442559 0.498165 0.763285 0.944316 0.934111 0.519149 0.871355 0.124283 0.185486
0.377526 0.766150 0.052167 0.227962 0.477052 0.534045 0.736410 0.979026 0.135039 0.664190 0.889888 0.590501
0.286054 0.236847 0.044456 0.989607 0.378435 0.127286 0.892129 0.185260 0.743095 0.344332 0.733462 0.378425
0.471831 0.548282 0.947032 0.152786 0.912353 0.492738 0.831059 0.835657 0.470742 0.813616 0.408554 0.635652
0.414785 0.285295 0.542371 0.140072 0.237996 0.049342 0.329096 0.517351 0.821034 0.038114 0.733021 0.926086
0.270131 0.703123 0.581562 0.825357 0.014971 0.710498 0.586883 0.812327 0.952660 0.657263 0.633862 0.822325
0.110426 0.070902 0.625001 0.941353 0.952128 0.701867 0.880570 0.924992 0.110959 0.362370 0.524870 0.553426
0.461886 0.216654 0.186609 0.905530 0.865095 0.346605 0.514298 0.435634 0.535098 0.958199 0.925103 0.746652
0.525032 0.643310 0.315828 0.003443 0.949700 0.027284 0.870257 0.376707 0.967439 0.543817 0.144385 0.661754
0.008760 0.534894 0.994379 0.961331 0.621357 0.972038 0.195647 0.072080 0.685163 0.204533 0.052916 0.829140
0.811882 0.781647 0.769854 0.762432 0.892512 0.068213 0.914444 0.263524 0.385486 0.002143 0.090367 0.142147
0.865152 0.306155 0.003634 0.724240 0.166904 0.073974 0.590685 0.754306 0.560860 0.634970 0.961670 0.420006
0.810978 0.065028 0.868132 0.091005 0.485936 0.827652 0.539972 0.126620 0.517842 0.144741 0.091233 0.627037
0.955968 0.917715 0.591082 0.442347 0.565462 0.142322 0.894467 0.605101 0.063422 0.631521 0.164402 0.707038
0.444409 0.216610 0.217782 0.658858 0.337807 0.154079 0.413884 0.354126 0.737678 0.518748 0.024879 0.957109
0.102532 0.520447 0.816904 0.894550 0.742496 0.870010 0.121377 0.952026 0.866459 0.095075 0.095198 0.344888
0.302876 0.816772 0.497383 0.570018 0.019874 0.884997 0.187535 0.748229 0.589536 0.185501 0.349459 0.912267
0.407023 0.818663 0.629968 0.542055 0.145923 0.789630 0.213783 0.482120 0.557452 0.419902 0.039913 0.655804
0.971372 0.055067 0.628255 0.644832 0.091502 0.937880 0.670748 0.253533 0.645003 0.296030 0.636638 0.204329
0.694594 0.043175 0.190754 0.111239 0.972386 0.220616 0.373823 0.666801 0.460948 0.697253 0.319996 0.540522
0.084941 0.764562 0.120452 0.007614 0.592632 0.348940 0.074789 0.681794 0.801565 0.724390 0.638191 0.598180
0.257739 0.395325 0.256518 0.093971 0.698273 0.954869 0.374354 0.719694 0.841868 0.463574 0.582143 0.928906
0.770478 0.898584 0.045700 0.026585 0.549318 0.995115 0.733905 0.206121 0.369324 0.054980 0.537634 0.285198
0.575881 0.599066 0.208294 0.607292 0.988329 0.816371 0.040446 0.304560 0.905863 0.715434 0.312848 0.842258
0.950265 0.407908 0.074560 0.034683 0.942777 0.228380 0.926314 0.888363 0.763264 0.335950 0.675357 0.878417
0.788379 0.957050 0.418297 0.842409 0.910674 0.945001 0.240372 0.212871 0.243955 0.387655 0.022577 0.721554
0.615297 0.621941 0.213354 0.293634 0.830206 0.810135 0.101552 0.228390 0.299402 0.952794 0.878320 0.899361
0.468243 0.158131 0.065564 0.782697 0.723485 0.891621 0.370215 0.284659 0.774582 0.959616 0.972339 0.959161
0.364926 0.444231 0.049530 0.381210 0.332158 0.768801 0.582507 0.874712 0.301798 0.895672 0.102524 0.142281
0.596130 0.736096 0.534230 0.465819 0.901133 0.701275 0.934879 0.977941 0.609410 0.104609 0.994006 0.754094
0.380845 0.803544 0.124312 0.344967 0.789678 0.161311 0.586778 0.410584 0.684772 0.853149 0.858025 0.695047
0.551048 0.458470 0.097912 0.762294 0.852114 0.403661 0.588166 0.452220 0.858194 0.750483 0.067603 0.647465
0.813853 0.829554 0.570543 0.591529 0.703801 0.107613 0.037975 0.332081 0.684023 0.458853 0.632847 0.701479
0.210189 0.302034 0.062975 0.618864 0.264279 0.465222 0.162170 0.208133 0.313011 0.620837 0.078140 0.170060
0.391836 0.394305 0.379519 0.948759 0.977309 0.096515 0.639859 0.891342 0.694120 0.166571 0.945707 0.119141
0.168824 0.532726 0.574659 0.683923 0.816693 0.323379 0.269035 0.174210 0.842997 0.753974 0.170463 0.965379
0.912028 0.814225 0.326641 0.180984 0.374614 0.109456 0.769158 0.020279 0.302828 0.654253 0.967420 0.134740
0.986912 0.021405 0.420336 0.807140 0.239538 0.524548 0.467748 0.566716 0.238878 0.922327 0.550586 0.166220
0.658677 0.546480 0.006582 0.158127 0.098756 0.820879 0.469116 0.721874 0.520865 0.106788 0.576755 0.178233
0.024489 0.981194 0.673903 0.321406 0.882638 0.687119 0.944196 0.914535 0.643241 0.582149 0.708477 0.731254
0.347295 0.436224 0.148235 0.502278 0.486459 0.154132 0.141006 0.963872 0.831764 0.837766 0.840006 0.076521
0.585170 0.570701 0.940097 0.736894 0.675190 0.084303 0.727555 0.855718 0.319900 0.291357 0.110793 0.427276
0.431744 0.272025 0.048902 0.622435 0.606762 0.654467 0.439651 0.757779 0.901288 0.210168 0.975221 0.192511
0.541386 0.888789 0.772563 0.860609 0.707400 0.014324 0.300712 0.505143 0.318292 0.311441 0.084242 0.909092
0.988678 0.257868 0.798866 0.226626 0.763937 0.794942 0.932847 0.406760 0.455103 0.637696 0.938120 0.663130
0.588784 0.063498 0.578892 0.214094 0.250494 0.640209 0.191599 0.039587 0.963579 0.891414 0.026160 0.209763
0.205544 0.888568 0.567229 0.265082 0.224272 0.581239 0.496348 0.514740 0.538022 0.211914 0.977314 0.418314
0.069054 0.350711 0.010896 0.810518 0.099129 0.807192 0.898926 0.567350 0.117555 0.335133 0.581834 0.399974
0.448738 0.493836 0.761069 0.283666 0.094928 0.388637 0.820977 0.169281 0.925525 0.720115 0.658138 0.896899
0.288235 0.444677 0.240971 0.152750 0.234029 0.329713 0.412362 0.780678 0.560480 0.681009 0.695496 0.002178
0.260354 0.760394 0.189420 0.986640 0.792508 0.446764 0.506331 0.283610 0.004660 0.224159 0.738976 0.874300
0.572361 0.245156 0.823922 0.751983 0.276958 0.447724 0.904726 0.810479 0.887032 0.025294 0.699789 0.004339
0.310361 0.889630 0.277905 0.981583 0.597234 0.747527 0.356131 0.604820 0.991722 0.439460 0.357736 0.406932
0.947712 0.873522 0.765923 0.336232 0.288951 0.155258 0.428796 0.826904 0.100406 0.431947 0.061351 0.740998
0.105791 0.284865 0.293473 0.503147 0.899317 0.384031 0.841220 0.347402 0.336091 0.620496 0.088625 0.876318
0.488445 0.636750 0.840689 0.596145 0.973990 0.280891 0.943824 0.139692 0.705539 0.046037 0.499010 0.475974
0.011098 0.480339 0.248485 0.200629 0.348390 0.315913 0.659825 0.046560 0.829637 0.982486 0.280872 0.989701
0.456235 0.384865 0.825733 0.594882 0.912813 0.264681 0.597680 0.393782 0.102146 0.693208 0.698184 0.284616
0.291531 0.583625 0.285738 0.797702 0.700699 0.088012 0.956333 0.064663 0.613154 0.803343 0.309342 0.376600
0.503072 0.991633 0.880447 0.984029 0.408298 0.044605 0.559184 0.042803 0.689943 0.499134 0.329695 0.611185
0.314184 0.115041 0.492851 0.256340 0.231555 0.396805 0.951602 0.604576 0.947350 0.159828 0.160572 0.612979
0.941451 0.924093 0.072523 0.738123 0.821049 0.480660 0.146966 0.695552 0.658340 0.015001 0.832269 0.857908
0.879624 0.382398 0.574362 0.741162 0.460596 0.156412 0.556268 0.215481 0.678657 0.513433 0.769527 0.980796
0.208726 0.665064 0.912567 0.235706 0.191194 0.383681 0.422473 0.590823 0.519871 0.700929 0.810322 0.099760
0.119603 0.687199 0.648083 0.589767 0.521551 0.879607 0.282174 0.881577 0.594548 0.815305 0.642581 0.546379
0.211655 0.566662 0.028962 0.458771 0.057177 0.397737 0.496339 0.531708 0.621571 0.116898 0.211186 0.055733
0.344129 0.910286 0.833791 0.864478 0.635271 0.440387 0.975149 0.326168 0.595491 0.769315 0.891103 0.785545
0.136220 0.459285 0.800807 0.681466 0.997146 0.141201 0.375811 0.200552 0.751557 0.101500 0.672555 0.709857
0.545091 0.037790 0.783415 0.529647 0.109995 0.342764 0.798180 0.144187 0.594242 0.661602 0.523270 0.433822
0.909551 0.843366 0.610122 0.661085 0.017000 0.114555 0.023292 0.559773 0.172810 0.290266 0.605159 0.882721
0.088279 0.405523 0.175312 0.208523 0.545362 0.067425 0.169900 0.189453 0.726078 0.423846 0.226927 0.180209
0.774363 0.903671 0.930413 0.169807 0.872263 0.155135 0.985514 0.619554 0.401248 0.671748 0.391922 0.888136
0.243494 0.533890 0.601614 0.926745 0.407936 0.113873 0.810642 0.334681 0.331894 0.558270 0.624421 0.973975
0.445826 0.725753 0.645191 0.332036 0.315762 0.214263 0.949220 0.290927 0.279279 0.463680 0.866129 0.354563
0.825938 0.208464 0.827662 0.705097 0.531379 0.189037 0.951137 0.461231 0.888050 0.830733 0.644756 0.768891
0.165037 0.707831 0.127923 0.113999 0.835926 0.603674 0.066782 0.910788 0.469684 0.559916 0.670685 0.625287
0.583424 0.937581 0.129154 0.996364 0.036782 0.795814 0.270272 0.031925 0.990844 0.807383 0.037150 0.031167
0.711696 0.819861 0.514816 0.763058 0.110447 0.343488 0.052300 0.695306 0.015670 0.920832 0.861971 0.756868
0.819569 0.843547 0.312043 0.581860 0.202979 0.868285 0.349298 0.019201 0.675632 0.992805 0.468047 0.882728
0.550493 0.084418 0.637620 0.147600 0.462459 0.194744 0.850697 0.157005 0.140235 0.989428 0.702288 0.990067
0.373626 0.000442 0.876948 0.011603 0.180363 0.839626 0.255548 0.582497 0.692460 0.811026 0.802316 0.011880
0.118873 0.410982 0.376222 0.727127 0.406663 0.274421 0.250478 0.577162 0.229700 0.026399 0.949935 0.902218
0.273311 0.967497 0.575275 0.313855 0.023984 0.156462 0.981117 0.773449 0.876257 0.506384 0.254399 0.415287
0.402965 0.164323 0.615468 0.422256 0.101765 0.538447 0.079850 0.914797 0.985053 0.759319 0.005819 0.509793
0.619259 0.386323 0.764497 0.603344 0.385520 0.160495 0.087463 0.538191 0.150472 0.600928 0.856301 0.576532
0.461909 0.086681 0.775167 0.060818 0.280900 0.555479 0.769222 0.557527 0.550451 0.838668 0.940761 0.147157
0.475344 0.986591 0.319211 0.713925 0.356374 0.580088 0.912385 0.934641 0.637608 0.397515 0.879873 0.486159
0.369868 0.755647 0.601521 0.081854 0.697510 0.157226 0.851151 0.488798 0.496955 0.629514 0.629883 0.324669
0.995413 0.884874 0.368264 0.244633 0.525550 0.785292 0.994197 0.914455 0.954730 0.782666 0.163033 0.667761
0.373589 0.533524 0.762766 0.879159 0.699307 0.076013 0.220624 0.443539 0.778056 0.173292 0.335509 0.951887
0.141474 0.136138 0.468952 0.231454 0.605089 0.914488 0.284894 0.652638 0.237638 0.060769 0.569069 0.145111
0.434981 0.455220 0.510404 0.438584 0.054937 0.626530 0.006191 0.878927 0.255640 0.594424 0.753733 0.541916
0.216050 0.460217 0.815105 0.527864 0.558418 0.273918 0.219336 0.833943 0.913611 0.841324 0.917083 0.706509
0.920584 0.329411 0.505314 0.969013 0.455172 0.002081 0.113405 0.138164 0.448906 0.035025 0.063982 0.913698
0.889427 0.977681 0.667108 0.648374 0.282032 0.729297 0.055297 0.747680 0.714783 0.606488 0.617456 0.867265
0.183159 0.267033 0.496009 0.154996 0.283096 0.887470 0.359972 0.398764 0.365039 0.974791 0.660053 0.247891
0.786972 0.008056 0.158527 0.039552 0.743045 0.262243 0.474445 0.159852 0.364860 0.963516 0.449987 0.181615
0.643493 0.670031 0.052591 0.115375 0.917745 0.754617 0.735772 0.473713 0.459095 0.589314 0.087472 0.720513
0.032062 0.769789 0.668415 0.457956 0.222329 0.435349 0.535550 0.771013 0.951870 0.585827 0.332323 0.932165
0.602720 0.251885 0.957298 0.403594 0.196686 0.516360 0.494237 0.921735 0.704254 0.791569 0.810140 0.228984
0.051837 0.147744 0.601599 0.115655 0.877891 0.426985 0.049859 0.667941 0.768916 0.563943 0.799678 0.002229
0.871331 0.360444 0.789059 0.109882 0.105011 0.766270 0.757886 0.123179 0.740818 0.147436 0.619439 0.922839
0.413881 0.890163 0.543954 0.287829 0.929263 0.095233 0.895230 0.701491 0.331834 0.476535 0.729794 0.203051
0.305874 0.044675 0.871093 0.107946 0.707941 0.767399 0.632637 0.667672 0.245486 0.337341 0.583860 0.197167
0.800121 0.909382 0.502433 0.769095 0.319316 0.314652 0.911454 0.032176 0.904322 0.356537 0.795927 0.014922
0.571003 0.066698 0.822919 0.253971 0.534272 0.909865 0.650647 0.353633 0.381257 0.058766 0.737488 0.842622
0.138475 0.321318 0.676461 0.352860 0.844912 0.334471 0.936635 0.158053 0.353508 0.080310 0.297737 0.004277
0.837208 0.468927 0.907914 0.686137 0.271253 0.485246 0.423961 0.811092 0.857827 0.562977 0.911274 0.838275
0.366894 0.582389 0.683073 0.957135 0.442233 0.474233 0.579596 0.350914 0.514568 0.829103 0.492722 0.258983
0.007390 0.911656 0.961360 0.489680 0.879964 0.817246 0.899100 0.494511 0.849025 0.318702 0.846160 0.603324
0.125116 0.559957 0.079610 0.735037 0.148942 0.631927 0.337422 0.640035 0.618749 0.982963 0.660368 0.585983
0.082255 0.180717 0.897378 0.748147 0.445139 0.997653 0.330551 0.690996 0.396403 0.101794 0.640536 0.189415
0.905723 0.253477 0.581110 0.191173 0.054320 0.252538 0.250370 0.577119 0.583372 0.911147 0.462227 0.698944
0.713114 0.544116 0.784648 0.287397 0.284869 0.043240 0.544309 0.179157 0.019431 0.984756 0.247269 0.023079
0.695413 0.759362 0.625771 0.131803 0.871988 0.300034 0.976420 0.154105 0.619239 0.106756 0.490727 0.508755
0.289281 0.123154 0.247524 0.006638 0.771917 0.626855 0.274754 0.820622 0.730002 0.909754 0.523476 0.888026
0.106390 0.981484 0.698107 0.296321 0.772392 0.726868 0.622855 0.025016 0.421411 0.683131 0.149516 0.561048
0.389968 0.151088 0.918367 0.454053 0.457799 0.784294 0.386456 0.620966 0.974286 0.855761 0.640998 0.058346
0.395056 0.623689 0.760651 0.539974 0.798590 0.107389 0.751517 0.098572 0.745642 0.334716 0.067938 0.231338
0.858366 0.476777 0.624551 0.499895 0.661540 0.738722 0.801998 0.647806 0.543143 0.762174 0.409555 0.251417
0.340323 0.643699 0.160163 0.231198 0.467417 0.496438 0.537542 0.304691 0.684010 0.705648 0.301398 0.264436
0.374305 0.952942 0.969721 0.656970 0.309709 0.210453 0.763446 0.318887 0.338403 0.269700 0.670405 0.764142
0.234323 0.288693 0.301124 0.764461 0.047043 0.227386 0.294719 0.407775 0.530980 0.726332 0.309079 0.005512
0.211433 0.410441 0.795425 0.458791 0.885678 0.042699 0.927992 0.475294 0.707217 0.806943 0.792892 0.536759
0.085388 0.744543 0.743295 0.608259 0.484564 0.500401 0.061627 0.017837 0.765549 0.542603 0.283156 0.645146
0.012044 0.514833 0.002531 0.833310 0.364018 0.066462 0.341910 0.238662 0.456533 0.272112 0.911133 0.517859
0.003992 0.173363 0.054501 0.595252 0.126827 0.142152 0.841320 0.944807 0.323028 0.016210 0.962389 0.047626
0.009477 0.049878 0.879933 0.470934 0.005166 0.634484 0.833964 0.297124 0.255505 0.340447 0.686111 0.125165
0.244018 0.103845 0.346402 0.869018 0.070590 0.759812 0.375554 0.411253 0.699026 0.130561 0.687490 0.437202
0.788513 0.275046 0.889140 0.779353 0.838894 0.134958 0.978476 0.426782 0.684018 0.739788 0.810455 0.883958
0.020852 0.572232 0.499108 0.016343 0.093521 0.941322 0.531596 0.958616 0.861126 0.027026 0.347110 0.707794
0.900102 0.707025 0.381530 0.730952 0.487940 0.784191 0.071422 0.026535 0.303685 0.838411 0.856946 0.495096
0.075092 0.917494 0.104292 0.567083 0.754468 0.904799 0.248526 0.654874 0.172761 0.656343 0.438095 0.701233
0.185294 0.653507 0.666762 0.419029 0.245782 0.365564 0.463765 0.794820 0.800168 0.675130 0.988707 0.677788
0.499018 0.132977 0.509163 0.612394 0.572822 0.553499 0.936088 0.690920 0.677451 0.538053 0.135258 0.349147
0.442512 0.920112 0.458790 0.955023 0.200697 0.756560 0.656454 0.406540 0.037809 0.876962 0.232980 0.498635
0.530053 0.908627 0.421890 0.256436 0.277973 0.386260 0.419812 0.770131 0.295372 0.805406 0.640100 0.527236
0.077409 0.060248 0.126471 0.902465 0.286021 0.328197 0.582538 0.511550 0.772979 0.480137 0.980961 0.346855
0.110672 0.627929 0.487893 0.119526 0.525038 0.750697 0.375114 0.314104 0.391355 0.970290 0.282511 0.035813
0.249401 0.485844 0.041231 0.253727 0.182139 0.130076 0.326393 0.069185 0.343151 0.301113 0.985918 0.995134
0.042477 0.736097 0.449358 0.157937 0.997340 0.991536 0.389621 0.954574 0.632474 0.509533 0.940458 0.298144
0.285812 0.168901 0.393595 0.079822 0.116600 0.661353 0.506559 0.850432 0.862439 0.612241 0.437212 0.818607
0.267980 0.547770 0.115549 0.760212 0.620534 0.342480 0.247025 0.043563 0.959991 0.047168 0.714992 0.133377
0.139072 0.849808 0.597238 0.589605 0.184550 0.725754 0.479415 0.468828 0.897230 0.349091 0.133499 0.062367
0.281845 0.599415 0.800309 0.355757 0.777492 0.048046 0.126964 0.283052 0.641198 0.655917 0.814980 0.876893
0.211828 0.584185 0.980270 0.894174 0.533584 0.569934 0.763251 0.168744 0.526599 0.575023 0.435169 0.380624
0.177690 0.487969 0.781496 0.044499 0.407261 0.435718 0.919633 0.688459 0.490004 0.246687 0.373409 0.052472
0.286958 0.995966 0.941327 0.153204 0.549821 0.634491 0.806024 0.259682 0.798377 0.313781 0.438215 0.587102
0.268266 0.065160 0.977951 0.865888 0.759767 0.855476 0.935013 0.154011 0.095591 0.580561 0.309265 0.257494
0.489024 0.424430 0.570876 0.888810 0.959264 0.568703 0.551377 0.002395 0.878495 0.190557 0.927618 0.552606
0.182337 0.939732 0.143840 0.554538 0.923586 0.833068 0.108771 0.343166 0.456178 0.846864 0.332299 0.903239
0.214311 0.329538 0.571060 0.545556 0.952804 0.967766 0.143490 0.369811 0.213798 0.918733 0.482023 0.565415
0.291696 0.013859 0.073136 0.799654 0.129821 0.417223 0.915564 0.238660 0.024511 0.021094 0.451567 0.315004
0.036915 0.165651 0.023683 0.382004 0.175092 0.602655 0.832604 0.922224 0.236847 0.622934 0.023020 0.997102
0.719181 0.119753 0.289078 0.525337 0.864592 0.681548 0.999105 0.092051 0.775830 0.489112 0.141237 0.463720
0.552570 0.948097 0.771064 0.692801 0.515259 0.458971 0.471292 0.701148 0.648387 0.334420 0.239139 0.281927
0.722924 0.509339 0.496960 0.926083 0.061347 0.126332 0.988855 0.235842 0.082308 0.159318 0.044968 0.654991
0.893999 0.641480 0.795349 0.678560 0.554929 0.545566 0.779828 0.641403 0.570201 0.895369 0.594920 0.883156
0.223836 0.889753 0.573513 0.398796 0.157074 0.270938 0.971517 0.338295 0.574250 0.074136 0.245810 0.879630
0.300385 0.512069 0.255614 0.336032 0.496253 0.628943 0.415747 0.279515 0.764971 0.390509 0.655442 0.673952
0.475831 0.753189 0.423044 0.825176 0.029302 0.357682 0.857750 0.537695 0.694829 0.210179 0.453955 0.451920
0.960273 0.749652 0.675276 0.448711 0.549183 0.783798 0.844591 0.905816 0.008449 0.620458 0.384838 0.521170
0.076113 0.911634 0.026439 0.569700 0.253552 0.764790 0.916911 0.060249 0.992255 0.291620 0.756548 0.598173
0.303454 0.689043 0.550429 0.810605 0.984243 0.396517 0.309644 0.425465 0.431906 0.089645 0.415366 0.294366
0.478461 0.543794 0.576121 0.911377 0.511302 0.201889 0.667758 0.800259 0.963917 0.817040 0.594134 0.687111
0.953910 0.150405 0.008093 0.460322 0.115755 0.409380 0.853789 0.890862 0.625631 0.992793 0.943841 0.784734
0.596036 0.040505 0.762795 0.327115 0.240982 0.414730 0.208604 0.544966 0.437800 0.372143 0.586036 0.556548
0.874003 0.520871 0.319147 0.641198 0.170820 0.451412 0.334717 0.083895 0.020160 0.895965 0.572154 0.581155
0.603416 0.879760 0.630127 0.993885 0.237088 0.351596 0.315382 0.123647 0.758115 0.255361 0.104470 0.750692
0.838451 0.637411 0.929376 0.155138 0.681562 0.113298 0.617235 0.969778 0.926012 0.144280 0.658868 0.836138
0.043651 0.262589 0.216768 0.276036 0.431798 0.778743 0.681363 0.022685 0.612712 0.789718 0.051251 0.529213
0.221734 0.584469 0.528190 0.397958 0.813636 0.092618 0.488292 0.542819 0.905006 0.293375 0.256884 0.637272
0.104970 0.553160 0.765583 0.204102 0.697009 0.744004 0.387898 0.367152 0.673009 0.409514 0.463150 0.705162
0.983360 0.461662 0.175658 0.564476 0.346287 0.380737 0.404108 0.875903 0.694981 0.895394 0.308673 0.069294
0.212813 0.918849 0.253315 0.418753 0.082622 0.831478 0.362074 0.851096 0.265292 0.397150 0.816797 0.607961
0.833868 0.003169 0.554373 0.514034 0.374059 0.179086 0.957168 0.445453 0.576543 0.000286 0.584610 0.553450
0.515261 0.668959 0.332207 0.407038 0.412660 0.672218 0.996732 0.960906 0.011154 0.019332 0.420668 0.424009
0.459709 0.448137 0.491808 0.028360 0.882156 0.317493 0.161508 0.099283 0.844322 0.489020 0.412439 0.191252
0.087616 0.169808 0.549168 0.192472 0.797477 0.855133 0.703591 0.808750 0.691792 0.665617 0.553933 0.801590
0.605991 0.140653 0.571792 0.723520 0.033889 0.406987 0.451069 0.192097 0.127525 0.400136 0.302005 0.744878
0.240923 0.103357 0.347726 0.058931 0.394890 0.628885 0.099125 0.821153 0.297588 0.462324 0.056393 0.777235
0.505674 0.889010 0.719314 0.866014 0.060769 0.931698 0.142782 0.740033 0.002985 0.498403 0.690662 0.968726
0.720070 0.158514 0.557787 0.066113 0.281762 0.013119 0.531693 0.797238 0.400191 0.370071 0.708329 0.049014
0.852606 0.229969 0.822043 0.312934 0.792257 0.578125 0.838085 0.988644 0.971047 0.217494 0.439950 0.623179
0.290144 0.752380 0.810627 0.673852 0.818894 0.769878 0.492792 0.064713 0.759890 0.973509 0.969030 0.156478
0.084779 0.800947 0.228014 0.112480 0.705851 0.767012 0.668490 0.747233 0.261334 0.325069 0.273810 0.833466
0.770037 0.010235 0.525122 0.816471 0.056069 0.623139 0.119891 0.398708 0.610059 0.688621 0.715500 0.951106
0.518562 0.802458 0.530865 0.029118 0.459387 0.466991 0.783522 0.544075 0.029819 0.892903 0.516090 0.461089
0.097309 0.135488 0.094397 0.995054 0.790361 0.668817 0.098151 0.735073 0.538958 0.037976 0.699335 0.263614
0.515956 0.533092 0.925335 0.725235 0.400340 0.093879 0.244000 0.169250 0.217980 0.757617 0.476116 0.656455
0.960138 0.010269 0.543894 0.189124 0.783880 0.302664 0.821357 0.272426 0.154231 0.506419 0.956123 0.879834
0.914718 0.861861 0.323520 0.660333 0.137044 0.849899 0.353019 0.101732 0.823298 0.359753 0.332014 0.816430
0.135193 0.641972 0.314288 0.510750 0.947878 0.864569 0.856809 0.446145 0.809803 0.758925 0.385161 0.447623
0.500930 0.159989 0.313074 0.641333 0.290775 0.748809 0.224689 0.984236 0.283133 0.495028 0.585301 0.918044
0.174306 0.772901 0.109006 0.423016 0.275942 0.182617 0.971095 0.932051 0.460241 0.179931 0.296305 0.337268
0.140969 0.832231 0.352507 0.142820 0.399239 0.284951 0.510455 0.856320 0.973744 0.063468 0.837359 0.486705
0.818252 0.565264 0.311867 0.813286 0.248822 0.488406 0.485519 0.043422 0.167678 0.420261 0.725549 0.443702
0.320340 0.051863 0.939237 0.435790 0.610579 0.035312 0.776388 0.554254 0.028168 0.558534 0.408335 0.116138
0.000827 0.411115 0.159609 0.082083 0.029583 0.725483 0.140579 0.497800 0.221336 0.399418 0.145710 0.667970
0.871295 0.493930 0.890547 0.954359 0.025918 0.614778 0.080811 0.186573 0.640108 0.544258 0.121736 0.159847
0.039170 0.534565 0.418802 0.480210 0.648437 0.039191 0.093978 0.080189 0.169330 0.198422 0.469414 0.373277
0.839323 0.099344 0.165219 0.069013 0.594432 0.404322 0.329663 0.948376 0.042182 0.199248 0.529559 0.408118
0.954865 0.202647 0.274193 0.125355 0.665508 0.213014 0.318403 0.107428 0.534475 0.011428 0.147975 0.260312
0.092604 0.908832 0.835853 0.481115 0.061495 0.003936 0.237509 0.287141 0.883254 0.857540 0.471832 0.205886
0.078585 0.187649 0.767922 0.878982 0.498845 0.100903 0.453264 0.620558 0.999718 0.931457 0.500775 0.329224
0.834182 0.505874 0.852114 0.771768 0.045950 0.662981 0.858833 0.053609 0.779810 0.466549 0.272965 0.124158
0.427464 0.712128 0.144850 0.358992 0.568641 0.718200 0.022807 0.919375 0.384939 0.195031 0.697151 0.398721
0.816840 0.005669 0.618379 0.356791 0.863897 0.965968 0.872966 0.137076 0.302992 0.776715 0.505269 0.946336
0.712637 0.515226 0.943572 0.103046 0.801659 0.549523 0.381782 0.143246 0.670756 0.872701 0.451294 0.594886
0.868268 0.011439 0.572038 0.796947 0.377967 0.362132 0.509975 0.020924 0.189303 0.873436 0.782048 0.719981
0.915940 0.639088 0.862561 0.568431 0.960682 0.701947 0.718925 0.667258 0.757885 0.423755 0.927797 0.589209
0.046441 0.873656 0.132544 0.116325 0.486851 0.527673 0.670005 0.793532 0.535305 0.123420 0.517191 0.653872
0.414851 0.046010 0.664013 0.908594 0.763782 0.487961 0.956164 0.588651 0.371168 0.622972 0.897608 0.104695
0.151056 0.700208 0.757832 0.217783 0.828546 0.920382 0.759625 0.311265 0.551351 0.078886 0.573048 0.418172
0.286328 0.190067 0.666857 0.641858 0.953215 0.593972 0.217360 0.667405 0.055825 0.558738 0.762428 0.757609
0.997870 0.128484 0.733549 0.840262 0.949830 0.296937 0.354671 0.138409 0.758330 0.385242 0.173040 0.777106
0.349335 0.271809 0.846928 0.955403 0.179512 0.870840 0.335855 0.445469 0.534477 0.568674 0.094857 0.226509
0.514576 0.340559 0.031820 0.797862 0.390084 0.948546 0.570436 0.950822 0.426325 0.798406 0.930760 0.769788
0.051667 0.191856 0.084419 0.925524 0.123018 0.540295 0.248222 0.623907 0.285626 0.326108 0.769527 0.112411
0.703715 0.309036 0.795311 0.579778 0.243611 0.036721 0.149603 0.446033 0.969850 0.439312 0.950937 0.409335
0.882547 0.656560 0.183304 0.518109 0.072787 0.033103 0.859204 0.698154 0.447398 0.180724 0.169204 0.773887
0.894329 0.054525 0.787934 0.220808 0.213105 0.550288 0.055961 0.134669 0.405652 0.814754 0.766239 0.958263
0.695567 0.812438 0.475244 0.240848 0.487625 0.516147 0.640389 0.164180 0.489765 0.441873 0.355683 0.950849
0.700909 0.329425 0.251902 0.429475 0.236656 0.594925 0.814028 0.120872 0.492493 0.576486 0.836318 0.213597
0.818375 0.204942 0.871993 0.243627 0.971781 0.424958 0.240074 0.112013 0.259198 0.783268 0.799146 0.667956
0.373550 0.936482 0.157797 0.715305 0.860303 0.367001 0.535233 0.827978 0.626229 0.501791 0.052876 0.739037
0.434018 0.130297 0.486910 0.423372 0.159526 0.178173 0.508748 0.809475 0.585551 0.768477 0.642614 0.438503
0.494967 0.625225 0.796588 0.509983 0.664931 0.266802 0.511195 0.051167 0.093183 0.578739 0.522816 0.489485
0.213689 0.239006 0.730310 0.094733 0.129379 0.132198 0.797646 0.460246 0.907012 0.249245 0.299856 0.447528
0.057127 0.781022 0.748868 0.483947 0.487892 0.866993 0.869622 0.898929 0.648267 0.903559 0.594110 0.406112
0.460529 0.922844 0.727000 0.961306 0.681395 0.164978 0.245637 0.722523 0.828602 0.825249 0.403518 0.303058
0.613607 0.153520 0.492231 0.977997 0.883308 0.619220 0.643212 0.447444 0.208964 0.191040 0.211575 0.356539
0.385426 0.486100 0.669876 0.055161 0.970411 0.867204 0.376950 0.419076 0.965927 0.759085 0.381122 0.691716
0.115376 0.818716 0.028128 0.363211 0.593268 0.603154 0.998676 0.887136 0.372411 0.260668 0.664427 0.044579
0.095928 0.484562 0.870812 0.467870 0.847314 0.916113 0.924087 0.384685 0.244374 0.603346 0.519030 0.333813
0.534141 0.782201 0.305224 0.436857 0.472873 0.186648 0.000342 0.516111 0.015142 0.296191 0.520092 0.208307
0.153334 0.492764 0.721646 0.831827 0.178417 0.084768 0.906598 0.149807 0.774618 0.575318 0.584570 0.071886
0.234044 0.127113 0.779223 0.401328 0.486263 0.270056 0.169461 0.331714 0.468565 0.058144 0.971211 0.233377
0.341877 0.213027 0.516282 0.681093 0.815857 0.129002 0.559665 0.810710 0.962132 0.430599 0.076829 0.716527
0.375050 0.327514 0.933404 0.168047 0.932368 0.970176 0.657890 0.895662 0.585949 0.599435 0.448362 0.498569
0.510731 0.086433 0.818091 0.480385 0.297591 0.171268 0.151522 0.265095 0.022765 0.906262 0.756598 0.769906
0.964444 0.796356 0.384463 0.470287 0.090364 0.389688 0.979945 0.341360 0.035364 0.007971 0.853047 0.108429
0.537733 0.778605 0.238477 0.662850 0.577514 0.203183 0.085462 0.135510 0.217545 0.437596 0.229674 0.644958
0.896389 0.294812 0.463806 0.243084 0.819249 0.921730 0.355215 0.621296 0.368744 0.785060 0.516755 0.716531
0.588345 0.892515 0.237433 0.517445 0.946001 0.295099 0.380884 0.695641 0.835848 0.271698 0.182173 0.581575
0.038913 0.098145 0.725929 0.946447 0.146897 0.778543 0.079396 0.049183 0.068983 0.867547 0.300380 0.328579
0.026579 0.951006 0.946632 0.746443 0.258173 0.061965 0.457011 0.443478 0.208466 0.228697 0.393867 0.529996
0.484014 0.176221 0.562500 0.828635 0.438386 0.390776 0.858566 0.158841 0.668559 0.156974 0.707591 0.285921
0.004881 0.047694 0.373196 0.350083 0.869222 0.279558 0.398676 0.032979 0.450086 0.686218 0.342459 0.873385
0.295750 0.145953 0.463539 0.822534 0.811322 0.931292 0.423163 0.897898 0.497940 0.625448 0.573483 0.981911
0.657782 0.337099 0.420367 0.357386 0.167408 0.011087 0.950057 0.909962 0.256234 0.643801 0.604272 0.939544
0.190679 0.935668 0.576535 0.869202 0.983082 0.489965 0.036003 0.186667 0.230644 0.902314 0.855716 0.855548
0.825491 0.173622 0.778288 0.113929 0.949215 0.745655 0.574952 0.331345 0.146095 0.466639 0.145465 0.643980
0.093188 0.431473 0.295886 0.038594 0.184365 0.858189 0.048742 0.980094 0.024864 0.238308 0.601908 0.185296
0.106171 0.661279 0.411712 0.928996 0.252539 0.350755 0.133582 0.189458 0.468435 0.962831 0.318188 0.532491
0.765274 0.689573 0.285416 0.178424 0.746099 0.185774 0.444118 0.279154 0.573402 0.652665 0.565796 0.382084
0.443680 0.008594 0.044724 0.937051 0.328349 0.302098 0.430086 0.180981 0.889737 0.920942 0.909121 0.054530
0.421243 0.735657 0.616542 0.101190 0.324967 0.091214 0.557212 0.692508 0.400268 0.824825 0.436444 0.218587
0.442558 0.893387 0.866716 0.018827 0.453428 0.528305 0.404616 0.953370 0.775252 0.549865 0.775630 0.771972
0.816556 0.083677 0.703324 0.360981 0.040097 0.386306 0.759479 0.624080 0.687839 0.072189 0.539967 0.425990
0.786066 0.706382 0.471775 0.154387 0.629967 0.303265 0.522294 0.738759 0.101340 0.230887 0.545016 0.182700
0.390610 0.802410 0.697829 0.284444 0.931470 0.106226 0.928859 0.874794 0.725446 0.297576 0.430609 0.371459
0.904292 0.243795 0.703259 0.464533 0.746710 0.312378 0.047682 0.351745 0.789561 0.225124 0.080100 0.568793
0.377384 0.461467 0.068169 0.739791 0.086744 0.367861 0.059263 0.988325 0.128006 0.104199 0.652658 0.853237
0.821056 0.458465 0.545950 0.553916 0.199706 0.723959 0.824818 0.226412 0.366961 0.832576 0.862486 0.928729
0.423173 0.630217 0.714135 0.132175 0.977109 0.004295 0.909980 0.172918 0.536276 0.697072 0.222659 0.532362
0.083452 0.162636 0.209257 0.062563 0.292802 0.239036 0.787399 0.842607 0.628701 0.537448 0.653893 0.953660
0.552927 0.589070 0.108643 0.951687 0.498726 0.596450 0.222270 0.637940 0.290871 0.893433 0.389791 0.742988
0.095446 0.783143 0.901940 0.430274 0.146848 0.515777 0.965026 0.220605 0.176409 0.428697 0.575945 0.495299
0.965398 0.360823 0.957146 0.006308 0.008372 0.938362 0.183745 0.119494 0.177918 0.542600 0.956213 0.692370
0.713576 0.420074 0.305455 0.464221 0.090614 0.467566 0.827030 0.303857 0.228185 0.247008 0.138113 0.518105
0.094051 0.933689 0.862423 0.135753 0.569636 0.543762 0.818889 0.658251 0.723891 0.292881 0.866684 0.448347
0.298863 0.632642 0.792233 0.152536 0.516679 0.456085 0.774974 0.653557 0.634773 0.494224 0.666728 0.293792
0.189772 0.253696 0.889100 0.719456 0.602056 0.291247 0.468978 0.522947 0.927824 0.175307 0.209424 0.331476
0.067544 0.211897 0.563065 0.955166 0.061076 0.035142 0.902877 0.553908 0.678665 0.905740 0.469214 0.409580
0.886707 0.971959 0.496505 0.292185 0.026507 0.886736 0.382527 0.062981 0.207439 0.564583 0.109440 0.839591
0.778630 0.482192 0.101892 0.883809 0.455766 0.723594 0.356212 0.728033 0.890670 0.001094 0.797629 0.565616
0.807616 0.697952 0.741560 0.478192 0.109930 0.945674 0.889428 0.813593 0.223633 0.295373 0.191085 0.457825
0.210447 0.146891 0.929146 0.517273 0.782314 0.571395 0.225104 0.716153 0.408702 0.976597 0.835041 0.444130
0.415802 0.153186 0.980240 0.874179 0.373261 0.742254 0.622343 0.884997 0.257483 0.008072 0.812400 0.123987
0.182551 0.853262 0.094624 0.830065 0.332800 0.869717 0.477572 0.825987 0.531997 0.750218 0.330408 0.860933
0.124089 0.428333 0.386086 0.856292 0.033617 0.447836 0.322800 0.396175 0.618006 0.632014 0.691408 0.275407
