0.393103 0.890336 0.639004 0.991720 0.222496 0.819752 0.880490 0.842401 0.734909 0.068317 0.271206 0.849212
0.039904 0.125603 0.225109 0.799584 0.519435 0.421780 0.051616 0.096720 0.017871 0.309041 0.227017 0.108903
0.689268 0.634780 0.882504 0.720105 0.928018 0.375861 0.617374 0.120161 0.346060 0.392091 0.098379 0.838708
0.223379 0.444033 0.645162 0.140497 0.465252 0.895060 0.195901 0.647280 0.973345 0.768265 0.808891 0.756333
0.519419 0.024430 0.159272 0.129216 0.496419 0.849267 0.290501 0.593702 0.021180 0.741970 0.807065 0.014556
0.663153 0.443067 0.224105 0.482821 0.648390 0.932672 0.571588 0.107464 0.389970 0.812050 0.408218 0.424377
0.456339 0.389390 0.759108 0.118748 0.793191 0.338881 0.658500 0.107189 0.259626 0.044939 0.873138 0.584304
0.706051 0.342299 0.888772 0.834269 0.520904 0.245356 0.330303 0.751305 0.162182 0.395105 0.033778 0.707449
0.754838 0.348688 0.593362 0.929593 0.865028 0.822749 0.000021 0.210429 0.629947 0.842508 0.356364 0.517807
0.737518 0.131764 0.818463 0.023594 0.363353 0.335404 0.193214 0.700678 0.889746 0.891374 0.080228 0.602897
0.942274 0.288688 0.038158 0.949016 0.985813 0.045429 0.780588 0.484411 0.745619 0.598961 0.609493 0.463259
0.868926 0.231444 0.895718 0.584529 0.541476 0.472277 0.531558 0.782845 0.136098 0.465999 0.730300 0.787140
0.906577 0.811421 0.568224 0.149003 0.195753 0.923038 0.249424 0.232425 0.427986 0.368776 0.781683 0.687236
0.840859 0.376956 0.286048 0.087196 0.121615 0.570743 0.420809 0.011421 0.413308 0.025847 0.971083 0.996009
0.229189 0.632571 0.573760 0.025529 0.923805 0.466383 0.401580 0.974612 0.803019 0.578926 0.466318 0.132466
0.307643 0.671401 0.756712 0.825486 0.054197 0.959256 0.584214 0.007283 0.655109 0.000026 0.839729 0.056163
0.142146 0.722348 0.303415 0.889120 0.490152 0.843960 0.365695 0.877521 0.611215 0.547825 0.700108 0.910697
0.230843 0.258796 0.989613 0.294467 0.040169 0.840543 0.618836 0.301577 0.948111 0.720389 0.237938 0.372696
0.810428 0.963353 0.419685 0.443063 0.577666 0.844026 0.490204 0.897166 0.461446 0.948114 0.451728 0.455150
0.271369 0.460620 0.060800 0.479113 0.073169 0.977311 0.512064 0.055722 0.558681 0.502538 0.265003 0.059778
0.717053 0.416755 0.991764 0.256907 0.243744 0.777672 0.864066 0.048175 0.345315 0.133941 0.835632 0.969221
0.224040 0.465303 0.419038 0.121941 0.387885 0.627628 0.969018 0.971589 0.365399 0.321993 0.311971 0.537682
0.929668 0.403867 0.465154 0.349776 0.873516 0.880156 0.674917 0.420820 0.234838 0.079804 0.035573 0.417665
0.931361 0.452515 0.000772 0.987694 0.608021 0.331463 0.761932 0.902078 0.942772 0.529913 0.841337 0.514936
0.711763 0.875137 0.390518 0.853726 0.239515 0.971872 0.326666 0.313575 0.448920 0.210513 0.529250 0.472308
0.510268 0.811447 0.043396 0.586762 0.537005 0.618814 0.000119 0.406345 0.416560 0.503785 0.805814 0.727078
0.013568 0.794756 0.313232 0.310481 0.641734 0.415671 0.089110 0.969133 0.762556 0.954939 0.755193 0.198700
0.069359 0.579490 0.471015 0.349591 0.220600 0.437684 0.609492 0.173361 0.599207 0.623697 0.424625 0.840966
0.902593 0.273380 0.719725 0.586413 0.385226 0.680229 0.183221 0.861414 0.667836 0.465334 0.414467 0.632214
0.787555 0.187291 0.676916 0.011446 0.854205 0.496420 0.541217 0.118042 0.942045 0.477690 0.458044 0.912745
0.149910 0.939714 0.683175 0.984767 0.784087 0.491958 0.219957 0.829493 0.434875 0.047538 0.781855 0.667933
0.525707 0.762915 0.800646 0.403047 0.667896 0.419784 0.105386 0.124599 0.362668 0.296033 0.582461 0.746043
0.481361 0.276191 0.981002 0.606595 0.498728 0.198583 0.633956 0.468674 0.213191 0.748643 0.260295 0.876212
0.541967 0.737316 0.168497 0.564052 0.678551 0.559104 0.879062 0.373434 0.895617 0.907870 0.555290 0.968849
0.604985 0.268140 0.306349 0.948871 0.709422 0.480735 0.517818 0.622903 0.962020 0.095867 0.082879 0.346535
0.367617 0.156538 0.700472 0.349074 0.201746 0.074887 0.272467 0.623261 0.133286 0.872856 0.013439 0.344933
0.106027 0.408545 0.481521 0.609420 0.037438 0.297003 0.697974 0.183549 0.864894 0.441790 0.058357 0.436330
0.423894 0.830190 0.315294 0.711007 0.597710 0.431727 0.011810 0.837252 0.792272 0.074564 0.453238 0.891059
0.402479 0.871557 0.843646 0.769324 0.891840 0.607642 0.600092 0.245828 0.736818 0.187055 0.849990 0.451468
0.593251 0.778969 0.692345 0.220506 0.698118 0.646554 0.009776 0.085716 0.348259 0.881320 0.341424 0.972866
0.288157 0.778030 0.815439 0.579509 0.421624 0.082834 0.155692 0.782219 0.850157 0.456011 0.447165 0.773881
0.009875 0.163751 0.551022 0.051607 0.011907 0.143205 0.345330 0.472853 0.985102 0.786665 0.478873 0.184219
0.420583 0.639633 0.496512 0.393489 0.252267 0.525369 0.588717 0.726537 0.169918 0.188559 0.404682 0.308733
0.169841 0.054089 0.879179 0.021309 0.684714 0.858829 0.602819 0.041151 0.406447 0.809027 0.454171 0.274598
0.804132 0.912882 0.465345 0.220717 0.120883 0.813061 0.533571 0.541219 0.638493 0.232492 0.737230 0.719549
0.538099 0.961403 0.331695 0.978584 0.668475 0.657756 0.890385 0.747528 0.202281 0.977723 0.823954 0.789174
0.657596 0.910678 0.803275 0.927923 0.229970 0.271459 0.395140 0.303226 0.614429 0.685823 0.836132 0.603237
0.662520 0.967081 0.289223 0.931950 0.338427 0.233888 0.833245 0.299061 0.061576 0.786430 0.566285 0.447378
0.471554 0.065236 0.233709 0.835008 0.694646 0.616253 0.145661 0.614811 0.930667 0.639971 0.126489 0.144090
0.847385 0.264459 0.793584 0.140108 0.950266 0.326649 0.733143 0.368107 0.239227 0.925923 0.931881 0.316455
0.770246 0.442977 0.284506 0.454816 0.601013 0.165015 0.434146 0.562008 0.611631 0.924862 0.109979 0.186515
0.978173 0.610291 0.506512 0.164661 0.742401 0.032364 0.266268 0.750716 0.977026 0.383342 0.381136 0.723711
0.866088 0.259911 0.833816 0.538606 0.271797 0.281401 0.154306 0.693635 0.707300 0.706327 0.592740 0.078585
0.637136 0.686981 0.784047 0.113436 0.907730 0.621942 0.255018 0.235791 0.646760 0.122878 0.866565 0.830338
0.894909 0.291813 0.542983 0.675039 0.169019 0.153480 0.508113 0.582821 0.489845 0.511227 0.306796 0.599563
0.596356 0.282622 0.085014 0.620232 0.521599 0.628662 0.574703 0.911392 0.250325 0.137863 0.185373 0.876440
0.155998 0.818598 0.607918 0.028964 0.699118 0.472639 0.116363 0.853883 0.730716 0.590373 0.478045 0.001233
0.201991 0.552034 0.488558 0.529753 0.769222 0.266303 0.939332 0.014307 0.065709 0.951020 0.128922 0.959696
0.279662 0.637587 0.873489 0.376947 0.377133 0.204372 0.404156 0.558605 0.328568 0.739159 0.029716 0.754906
0.520169 0.201951 0.386706 0.075557 0.285998 0.604090 0.790774 0.814183 0.557916 0.726280 0.851457 0.974458
0.793561 0.562166 0.283854 0.960948 0.111286 0.194745 0.530388 0.180006 0.126391 0.881880 0.076020 0.335046
0.978974 0.313115 0.032871 0.574544 0.325969 0.996452 0.325677 0.886665 0.239344 0.611567 0.566241 0.832957
0.502629 0.429338 0.889338 0.549213 0.397671 0.339540 0.341430 0.847502 0.241661 0.214568 0.016953 0.228926
0.800842 0.297404 0.639643 0.144179 0.177894 0.869581 0.742396 0.761872 0.235133 0.882644 0.206720 0.640260
0.605997 0.453834 0.690962 0.381926 0.809424 0.435466 0.874592 0.571274 0.213752 0.265785 0.887736 0.067115
0.039316 0.292553 0.393937 0.747825 0.508722 0.552938 0.308618 0.288084 0.249863 0.501826 0.716335 0.743872
0.986309 0.338252 0.685346 0.203122 0.927049 0.450471 0.480382 0.549526 0.679654 0.476816 0.745621 0.292420
0.678197 0.685491 0.541418 0.431730 0.337468 0.598933 0.628740 0.369916 0.945170 0.231263 0.454314 0.428989
0.831650 0.660751 0.442578 0.259539 0.300334 0.343619 0.492225 0.318596 0.716756 0.811953 0.308649 0.265473
0.286028 0.117731 0.167832 0.025919 0.897521 0.500795 0.585554 0.552437 0.810795 0.621516 0.534084 0.941885
0.182331 0.654194 0.554519 0.793578 0.777278 0.197140 0.552483 0.604233 0.022270 0.249908 0.861286 0.424756
0.622237 0.284384 0.135978 0.729105 0.722463 0.997349 0.537765 0.530561 0.702500 0.053259 0.825114 0.358262
0.027803 0.946748 0.781951 0.287545 0.396532 0.440633 0.149071 0.796111 0.619754 0.973038 0.643661 0.154901
0.200969 0.196931 0.771357 0.385450 0.108093 0.276046 0.067445 0.929203 0.945620 0.956831 0.623804 0.590391
0.143034 0.296446 0.347847 0.829769 0.309545 0.453698 0.566693 0.535571 0.503928 0.406987 0.054560 0.945254
0.740841 0.156899 0.393950 0.832893 0.431119 0.561053 0.869223 0.587839 0.657474 0.318268 0.722177 0.924080
0.766386 0.950592 0.647367 0.090257 0.869373 0.089316 0.106335 0.437494 0.783990 0.036987 0.514582 0.828433
0.640390 0.994939 0.641944 0.511886 0.780170 0.155081 0.620878 0.281642 0.545220 0.500968 0.299548 0.104765
0.330415 0.819823 0.808322 0.636692 0.004961 0.701688 0.494757 0.317566 0.506970 0.382544 0.103197 0.851691
0.611892 0.148638 0.637334 0.181331 0.006365 0.750567 0.284888 0.670509 0.128050 0.980261 0.018618 0.565690
0.471468 0.434454 0.014925 0.996068 0.557289 0.823457 0.928899 0.284126 0.596935 0.796184 0.924722 0.362616
0.219635 0.478662 0.187364 0.349019 0.128266 0.162093 0.725068 0.817647 0.823721 0.826717 0.956507 0.647669
0.677701 0.060965 0.571586 0.301766 0.128239 0.807593 0.557864 0.475193 0.813414 0.239734 0.833338 0.223174
0.739251 0.080615 0.007220 0.639514 0.482492 0.268022 0.987988 0.313813 0.848126 0.952708 0.811724 0.260212
0.066170 0.482733 0.027567 0.692391 0.336464 0.981812 0.186119 0.392944 0.496395 0.117483 0.882060 0.085581
0.047799 0.422433 0.447214 0.355985 0.077455 0.204038 0.125840 0.817212 0.636535 0.425964 0.447709 0.822973
0.524920 0.036522 0.769209 0.673982 0.031338 0.697203 0.495540 0.672704 0.089466 0.724498 0.516699 0.371876
0.801249 0.494871 0.264012 0.374428 0.877243 0.357017 0.979963 0.508012 0.756918 0.399663 0.693304 0.176256
0.294786 0.338148 0.641831 0.022555 0.986887 0.791056 0.938656 0.319550 0.382123 0.103915 0.201895 0.112276
0.067369 0.883471 0.186020 0.384731 0.093391 0.902778 0.993196 0.815681 0.867118 0.146936 0.398878 0.467959
0.698144 0.678529 0.969928 0.946623 0.010975 0.050506 0.842917 0.077739 0.359147 0.764405 0.089684 0.766112
0.773684 0.511796 0.950984 0.549868 0.340606 0.880455 0.327484 0.312098 0.336284 0.561993 0.657346 0.929221
0.731297 0.503825 0.408011 0.954298 0.970001 0.933196 0.104083 0.374523 0.050678 0.483142 0.126961 0.944708
0.203671 0.412762 0.111191 0.499883 0.023316 0.482938 0.332766 0.574620 0.138881 0.668054 0.258937 0.495012
0.342318 0.858773 0.814692 0.027460 0.571104 0.163770 0.384930 0.479529 0.639254 0.316989 0.065956 0.915299
0.367844 0.739211 0.556644 0.525928 0.953529 0.730844 0.704160 0.425970 0.373324 0.227816 0.716253 0.935744
0.559230 0.305069 0.884579 0.155607 0.920029 0.277038 0.941144 0.848718 0.392601 0.081584 0.043495 0.181357
0.657599 0.287189 0.192508 0.427915 0.277760 0.913422 0.075487 0.206345 0.475658 0.807173 0.035160 0.481278
0.124740 0.905775 0.572865 0.314930 0.448410 0.270035 0.687861 0.776429 0.869711 0.412004 0.909836 0.512135
0.153763 0.780594 0.687840 0.152630 0.545422 0.955512 0.267306 0.405367 0.145101 0.724945 0.360447 0.984606
0.094461 0.950973 0.839556 0.562408 0.413938 0.292992 0.474635 0.891158 0.350239 0.678013 0.603606 0.420750
0.156690 0.005212 0.181427 0.227851 0.056040 0.887679 0.305852 0.014354 0.334940 0.363222 0.972749 0.582218
0.413198 0.667020 0.534565 0.323998 0.563502 0.217422 0.732076 0.311978 0.312156 0.158797 0.599438 0.900022
0.652944 0.500578 0.280158 0.472362 0.986597 0.550462 0.840598 0.198159 0.476124 0.039640 0.256791 0.370886
0.027282 0.567320 0.808127 0.100146 0.940744 0.481406 0.253562 0.348598 0.085569 0.116447 0.527509 0.324112
0.204454 0.768269 0.002922 0.711949 0.265464 0.249394 0.019494 0.861516 0.747372 0.852938 0.782648 0.557719
0.599304 0.214187 0.004308 0.873979 0.201786 0.249991 0.463548 0.630662 0.987858 0.669949 0.793889 0.616566
0.655181 0.054972 0.299307 0.183141 0.045309 0.554474 0.570261 0.631725 0.425029 0.571535 0.411715 0.000679
0.874878 0.268117 0.303363 0.011154 0.251044 0.998198 0.766569 0.021825 0.632153 0.265726 0.761894 0.841361
0.798711 0.758964 0.152702 0.760886 0.715630 0.217733 0.526030 0.108686 0.267668 0.627960 0.576397 0.931717
0.603069 0.768514 0.476515 0.450811 0.311157 0.286469 0.705977 0.088707 0.078019 0.194670 0.555839 0.238153
0.407033 0.372699 0.495067 0.072403 0.398845 0.977777 0.812207 0.945315 0.089984 0.140219 0.658064 0.650423
0.921887 0.822996 0.229200 0.000485 0.573294 0.854686 0.619540 0.904152 0.671184 0.653543 0.091423 0.517554
0.540967 0.559862 0.041778 0.673923 0.643264 0.716867 0.932530 0.105220 0.729469 0.631567 0.526466 0.829348
0.413624 0.349544 0.362702 0.009478 0.783493 0.387407 0.416652 0.231072 0.106569 0.990871 0.470150 0.899878
0.061372 0.084481 0.346449 0.501699 0.703627 0.791125 0.496252 0.784708 0.778735 0.665323 0.928583 0.189075
0.341480 0.615444 0.994625 0.621658 0.227243 0.699580 0.896482 0.305530 0.299049 0.495921 0.327764 0.334282
0.370457 0.902662 0.363115 0.139351 0.635269 0.285339 0.780302 0.747870 0.094229 0.096676 0.444079 0.933547
0.881780 0.116623 0.353829 0.561777 0.340406 0.921536 0.032488 0.256255 0.912803 0.101497 0.718567 0.311379
0.233270 0.151387 0.670098 0.960585 0.901721 0.974560 0.386756 0.403827 0.130286 0.083598 0.711210 0.884441
0.884447 0.658869 0.568384 0.561287 0.133694 0.899471 0.995047 0.774422 0.301166 0.032831 0.424214 0.131642
0.079571 0.181659 0.039741 0.425917 0.245464 0.715182 0.246432 0.471232 0.629321 0.746514 0.112388 0.463851
0.777190 0.586192 0.285375 0.142115 0.630014 0.235450 0.378713 0.181663 0.040462 0.144357 0.936729 0.828869
0.356072 0.027071 0.377680 0.656709 0.396888 0.300630 0.449250 0.688839 0.818303 0.598964 0.664755 0.544671
0.624206 0.452981 0.669414 0.876058 0.565700 0.618551 0.375397 0.669770 0.040723 0.459768 0.105247 0.089591
0.462427 0.530600 0.670611 0.352434 0.258375 0.388325 0.004511 0.219657 0.027093 0.397051 0.228803 0.431514
0.057015 0.605950 0.524269 0.651087 0.295528 0.834384 0.154688 0.688347 0.835689 0.846736 0.340638 0.260705
0.017432 0.372354 0.408385 0.688293 0.813467 0.389141 0.683209 0.523492 0.653377 0.372104 0.363330 0.038846
0.962393 0.839110 0.274010 0.865379 0.843799 0.304966 0.813837 0.633833 0.361305 0.715424 0.552937 0.069374
0.736200 0.545125 0.990148 0.742896 0.246113 0.402297 0.531492 0.926839 0.682237 0.969248 0.858677 0.415418
0.794998 0.094649 0.124589 0.754865 0.231694 0.269148 0.774508 0.705268 0.267400 0.700439 0.664925 0.157829
0.355044 0.489164 0.250602 0.552201 0.664557 0.292867 0.193969 0.988916 0.556784 0.566049 0.000477 0.206962
0.709802 0.347148 0.437547 0.554009 0.588438 0.737326 0.894924 0.871091 0.633891 0.105121 0.942287 0.768772
0.497769 0.417543 0.508907 0.202911 0.817235 0.219100 0.883204 0.693633 0.967541 0.119797 0.374014 0.281070
0.324379 0.696043 0.779883 0.287709 0.256112 0.851293 0.673610 0.164737 0.214253 0.002679 0.862029 0.618194
0.169473 0.043745 0.062992 0.496855 0.257095 0.213486 0.181915 0.364385 0.475118 0.826197 0.859026 0.691597
0.344111 0.966389 0.102665 0.210641 0.524587 0.381772 0.566209 0.635165 0.419250 0.688477 0.276600 0.493275
0.330954 0.423437 0.894541 0.257443 0.381013 0.391982 0.413285 0.534638 0.186212 0.838894 0.441099 0.948917
0.080745 0.769870 0.386120 0.458773 0.088216 0.752823 0.792116 0.103255 0.413213 0.196719 0.289349 0.455122
0.339437 0.505082 0.020089 0.193983 0.856917 0.590196 0.747491 0.185511 0.702693 0.902106 0.143308 0.893908
0.567775 0.077208 0.983476 0.173506 0.398285 0.130131 0.258133 0.684366 0.431537 0.870867 0.072661 0.958834
0.717026 0.467833 0.958425 0.948456 0.437362 0.934569 0.611032 0.281985 0.744881 0.848431 0.408573 0.724599
0.221372 0.479555 0.233407 0.657362 0.660477 0.555430 0.650357 0.237808 0.505096 0.497713 0.669044 0.200128
0.751770 0.442363 0.585462 0.688343 0.821651 0.867272 0.069379 0.293056 0.480224 0.897334 0.674397 0.600236
0.921081 0.990131 0.579885 0.627732 0.076607 0.043880 0.232227 0.759849 0.273233 0.164138 0.468108 0.010036
0.436165 0.994255 0.707840 0.187979 0.285152 0.265430 0.171431 0.621266 0.583139 0.178344 0.124819 0.574503
0.232909 0.617835 0.011993 0.287810 0.233394 0.984767 0.793458 0.069729 0.706319 0.271873 0.486820 0.537134
0.654721 0.961662 0.574555 0.425070 0.223644 0.737743 0.755710 0.574934 0.287114 0.462024 0.680813 0.159665
0.826466 0.018887 0.513876 0.335179 0.230576 0.550222 0.840609 0.691542 0.301841 0.252959 0.707767 0.808017
0.942602 0.438107 0.963476 0.391317 0.843122 0.278905 0.413686 0.873291 0.198371 0.469643 0.862785 0.864847
0.751815 0.172702 0.322413 0.090364 0.258336 0.547016 0.303778 0.716645 0.880192 0.230792 0.504174 0.694571
0.344030 0.696578 0.526828 0.423674 0.850025 0.256210 0.729120 0.935623 0.811391 0.896389 0.104539 0.583463
0.811291 0.753589 0.471795 0.693598 0.376013 0.502661 0.441043 0.576943 0.669878 0.429562 0.993952 0.556698
0.599040 0.129327 0.474949 0.113917 0.226044 0.739646 0.564746 0.464237 0.138799 0.606795 0.305386 0.875980
0.812941 0.787525 0.684501 0.609479 0.631806 0.771885 0.479713 0.311696 0.535672 0.417236 0.106515 0.779073
0.363092 0.477063 0.844819 0.867369 0.862003 0.552743 0.440178 0.662228 0.903210 0.543225 0.862854 0.906249
0.385686 0.028936 0.436860 0.737043 0.777516 0.058777 0.377972 0.466734 0.911611 0.766248 0.615505 0.945566
0.675502 0.908881 0.985611 0.775391 0.287888 0.249600 0.207874 0.862650 0.795900 0.917893 0.898979 0.758355
0.610006 0.482328 0.678212 0.733925 0.616514 0.414131 0.637574 0.947581 0.897610 0.182400 0.354498 0.434031
0.096017 0.152332 0.050187 0.318239 0.925827 0.087770 0.512598 0.544971 0.651376 0.961572 0.074107 0.237721
0.163517 0.180411 0.137916 0.388301 0.792104 0.125847 0.102397 0.951655 0.894245 0.264703 0.006972 0.468243
0.358949 0.795677 0.797956 0.081025 0.857467 0.778079 0.089135 0.236313 0.789363 0.867863 0.757937 0.372753
0.439280 0.894477 0.058452 0.964262 0.416237 0.404701 0.013045 0.251437 0.040450 0.074168 0.672703 0.131040
0.570457 0.873862 0.713300 0.335691 0.780158 0.385452 0.886210 0.072527 0.880944 0.465956 0.409000 0.958028
0.947029 0.707631 0.127224 0.634790 0.764013 0.081484 0.460618 0.727781 0.341340 0.402094 0.834835 0.152905
0.121167 0.022325 0.646656 0.288251 0.321257 0.052600 0.103099 0.118091 0.689557 0.780208 0.018529 0.845696
0.606877 0.201079 0.812584 0.107510 0.776794 0.230263 0.449025 0.682184 0.920527 0.185516 0.549072 0.775721
0.110878 0.321343 0.926647 0.015207 0.924088 0.835010 0.045194 0.725110 0.411664 0.892170 0.181694 0.979413
0.486319 0.453994 0.751657 0.624473 0.219757 0.050068 0.372390 0.507955 0.084444 0.172807 0.995778 0.225721
0.497194 0.725403 0.481180 0.671551 0.804438 0.761065 0.263397 0.448650 0.801268 0.546250 0.040706 0.430867
0.471272 0.991373 0.500981 0.366517 0.947333 0.476790 0.864000 0.165171 0.851307 0.237592 0.374184 0.384759
0.382203 0.045328 0.064857 0.694246 0.590674 0.622183 0.330672 0.609027 0.457214 0.402269 0.409058 0.345361
0.502972 0.373782 0.499070 0.279208 0.708910 0.925670 0.329072 0.036076 0.205662 0.134866 0.145016 0.407405
0.915557 0.919868 0.691092 0.341977 0.031608 0.322924 0.700711 0.722585 0.285497 0.986067 0.732421 0.248964
0.118803 0.497279 0.127016 0.178618 0.643300 0.186220 0.462011 0.314809 0.721370 0.560401 0.199611 0.238369
0.002049 0.731450 0.570317 0.310676 0.837219 0.369859 0.321291 0.209030 0.007871 0.419965 0.699103 0.201656
0.795403 0.311243 0.741626 0.964890 0.191751 0.906994 0.362369 0.156156 0.559710 0.012222 0.140785 0.029948
0.673770 0.768052 0.911265 0.363698 0.728996 0.938761 0.095029 0.355767 0.902789 0.110343 0.580817 0.989159
0.209287 0.200751 0.753517 0.064748 0.120793 0.667740 0.122534 0.996882 0.220613 0.497801 0.292472 0.130862
0.058695 0.828032 0.515506 0.275268 0.735211 0.183645 0.118868 0.243732 0.958148 0.143748 0.903181 0.739028
0.452389 0.542651 0.445235 0.741794 0.323078 0.077005 0.747658 0.818961 0.264760 0.529365 0.673455 0.907679
0.927406 0.134529 0.559849 0.606897 0.358364 0.066171 0.108237 0.138941 0.037583 0.470693 0.421967 0.818567
0.723520 0.598751 0.819050 0.334202 0.571028 0.697727 0.870388 0.399478 0.487471 0.792636 0.646823 0.926311
0.593138 0.808162 0.924694 0.641190 0.261012 0.104017 0.245859 0.263348 0.495952 0.411177 0.835331 0.919832
0.561182 0.138972 0.743772 0.431324 0.998575 0.220173 0.261857 0.268506 0.271828 0.193083 0.390215 0.200505
0.136465 0.140329 0.824242 0.990290 0.111868 0.143740 0.899450 0.646096 0.285434 0.225266 0.182800 0.382643
0.867208 0.339010 0.952206 0.634432 0.841937 0.950627 0.473564 0.237282 0.313062 0.955915 0.340395 0.743270
0.656759 0.193064 0.615918 0.241740 0.514996 0.266416 0.489207 0.848041 0.803975 0.791196 0.727392 0.228106
0.671445 0.434190 0.183846 0.106018 0.350467 0.459705 0.535630 0.973768 0.122186 0.963364 0.751638 0.191209
0.562386 0.147930 0.492994 0.876368 0.068417 0.771100 0.605504 0.133844 0.847635 0.691617 0.053677 0.947156
0.684502 0.308899 0.787557 0.731170 0.470250 0.319034 0.439727 0.280665 0.250558 0.508852 0.463873 0.452335
0.209971 0.296416 0.823928 0.666025 0.020516 0.648927 0.386531 0.123674 0.267906 0.734251 0.510443 0.019290
0.867177 0.278092 0.245356 0.208325 0.861401 0.241967 0.642825 0.133263 0.084336 0.678518 0.416664 0.474455
0.230818 0.254309 0.749235 0.161637 0.743445 0.285454 0.965696 0.088943 0.049193 0.341917 0.509930 0.768830
0.168764 0.952402 0.610160 0.425093 0.490367 0.968865 0.918071 0.757848 0.915855 0.943080 0.268097 0.107328
0.202644 0.590512 0.539701 0.307654 0.657695 0.837695 0.413230 0.279511 0.999636 0.301357 0.955128 0.883092
0.413856 0.239334 0.879805 0.458522 0.692242 0.044584 0.331556 0.515927 0.597666 0.689565 0.182381 0.583546
0.835392 0.708347 0.397000 0.799908 0.587632 0.453080 0.874469 0.265139 0.403360 0.402454 0.951671 0.786972
0.134557 0.872102 0.258596 0.646449 0.876115 0.602243 0.253701 0.982966 0.501955 0.791325 0.039919 0.777641
0.390809 0.097209 0.923252 0.438170 0.572010 0.781085 0.649624 0.937365 0.174496 0.127499 0.565308 0.797976
0.610073 0.895046 0.553575 0.704028 0.282880 0.608384 0.684027 0.816100 0.553113 0.089400 0.534566 0.374225
0.230847 0.784895 0.210767 0.841055 0.067789 0.160653 0.238257 0.638371 0.160630 0.886660 0.139042 0.014613
0.245905 0.013796 0.569993 0.558175 0.994157 0.646185 0.452077 0.069617 0.021692 0.298542 0.878836 0.656084
0.780483 0.085708 0.492122 0.416664 0.854341 0.399725 0.954681 0.198037 0.251916 0.141230 0.938779 0.159944
0.256086 0.770370 0.387913 0.574458 0.606869 0.928780 0.137741 0.857038 0.469069 0.009945 0.258704 0.074476
0.329078 0.196272 0.092872 0.226693 0.691629 0.670704 0.736406 0.286707 0.089224 0.926670 0.946468 0.503270
0.245601 0.315596 0.909701 0.069370 0.131234 0.172882 0.782532 0.937545 0.952815 0.244138 0.003185 0.389921
0.662027 0.462137 0.364279 0.771711 0.477998 0.932244 0.600562 0.087122 0.979616 0.800698 0.579712 0.770361
0.074063 0.752298 0.328228 0.303045 0.915468 0.771586 0.031168 0.591164 0.462624 0.539055 0.185015 0.561175
0.622657 0.495765 0.832959 0.383573 0.398354 0.681516 0.195272 0.659919 0.467738 0.611053 0.659449 0.592382
0.683505 0.845382 0.426213 0.678490 0.317698 0.559827 0.810940 0.065025 0.123581 0.969503 0.332216 0.635317
0.853790 0.681375 0.848274 0.641667 0.644743 0.133652 0.211331 0.110744 0.809649 0.001768 0.020268 0.315770
0.307487 0.035986 0.676182 0.800250 0.398392 0.332385 0.459877 0.968136 0.447972 0.890166 0.425085 0.902422
0.667605 0.625653 0.554175 0.010209 0.560116 0.952955 0.820758 0.799169 0.892681 0.199261 0.334224 0.497785
0.748722 0.207504 0.756900 0.836398 0.499772 0.647769 0.732226 0.332465 0.867828 0.548516 0.054562 0.007513
0.172890 0.744962 0.555622 0.099200 0.242069 0.364416 0.917089 0.670281 0.873176 0.075177 0.203406 0.872019
0.868962 0.718830 0.708220 0.510355 0.867420 0.213272 0.139951 0.069834 0.058270 0.164352 0.084337 0.193251
0.814252 0.071935 0.864301 0.472578 0.888635 0.988519 0.615893 0.644526 0.758850 0.091402 0.490295 0.896201
0.888339 0.853898 0.362660 0.802109 0.851924 0.709890 0.829533 0.089461 0.531850 0.178838 0.297927 0.306184
0.134429 0.566727 0.105178 0.905815 0.741483 0.531709 0.167075 0.834940 0.065772 0.374073 0.527893 0.367322
0.043718 0.993882 0.197002 0.877542 0.150850 0.751971 0.002174 0.699322 0.116540 0.751553 0.593340 0.816196
0.147218 0.339638 0.779517 0.732532 0.670774 0.211726 0.607256 0.148126 0.013507 0.690779 0.615041 0.510725
0.001579 0.708555 0.291590 0.156769 0.161591 0.805609 0.185992 0.509589 0.033776 0.222768 0.337668 0.268537
0.183109 0.277544 0.352257 0.408645 0.965127 0.992119 0.747113 0.112954 0.277625 0.577233 0.429355 0.511496
0.001941 0.755215 0.682761 0.927308 0.100141 0.302942 0.106534 0.243578 0.422108 0.045969 0.537387 0.562244
0.999047 0.257955 0.441624 0.335850 0.435557 0.760015 0.473386 0.582176 0.034789 0.793358 0.394234 0.123968
0.884260 0.576789 0.550444 0.027692 0.677549 0.547892 0.375175 0.869031 0.714013 0.628837 0.309926 0.619757
0.438713 0.859155 0.641722 0.368466 0.854399 0.783247 0.721949 0.285534 0.525230 0.563774 0.137427 0.222820
0.648253 0.116470 0.199789 0.410892 0.242193 0.632182 0.587675 0.723301 0.751821 0.296495 0.623865 0.237984
0.100713 0.009083 0.205222 0.450430 0.161675 0.437348 0.093483 0.543704 0.642597 0.496000 0.623148 0.558770
0.086502 0.009645 0.660104 0.173641 0.339099 0.629879 0.222680 0.026963 0.380476 0.778163 0.292786 0.252664
0.860139 0.938989 0.223513 0.126645 0.501095 0.941233 0.812547 0.312155 0.086249 0.507085 0.927940 0.303146
0.623020 0.180193 0.054032 0.511541 0.176354 0.578151 0.924585 0.013234 0.180073 0.542548 0.558995 0.942616
0.965003 0.047258 0.115332 0.979451 0.055217 0.199362 0.204266 0.623767 0.013419 0.063955 0.072309 0.336986
0.615047 0.009988 0.839815 0.440041 0.052704 0.740913 0.945783 0.359839 0.530574 0.888310 0.864343 0.901857
0.714141 0.843587 0.608983 0.090804 0.028223 0.877560 0.819473 0.735783 0.037281 0.184232 0.726044 0.858420
0.444159 0.611587 0.838367 0.848449 0.300636 0.998156 0.737965 0.908506 0.163761 0.728771 0.674009 0.651169
0.788299 0.712621 0.283365 0.742119 0.807584 0.363631 0.472221 0.292021 0.860133 0.443461 0.858831 0.234211
0.132786 0.081739 0.189340 0.055969 0.011222 0.680917 0.029364 0.061547 0.889288 0.005467 0.475474 0.718936
0.218377 0.611301 0.331052 0.855562 0.254486 0.671554 0.428171 0.402832 0.650901 0.290563 0.380411 0.080737
0.615180 0.532891 0.001929 0.307906 0.974584 0.586005 0.523878 0.546897 0.698302 0.156550 0.667736 0.787899
0.767054 0.995460 0.197380 0.073921 0.160523 0.108283 0.640706 0.273852 0.398109 0.698050 0.628907 0.641745
0.276983 0.758079 0.262166 0.454684 0.139182 0.076199 0.714204 0.761577 0.583681 0.205730 0.541828 0.027070
0.164650 0.466220 0.850455 0.009218 0.086445 0.110804 0.762931 0.927823 0.224884 0.886887 0.493772 0.158394
0.693385 0.025744 0.780866 0.858519 0.669760 0.831786 0.914658 0.086303 0.092115 0.769817 0.941839 0.857181
0.228928 0.342361 0.998377 0.222289 0.148841 0.586197 0.121964 0.230355 0.288813 0.596574 0.043465 0.926366
0.421888 0.978816 0.903683 0.305340 0.682524 0.037330 0.301737 0.113141 0.316977 0.048682 0.819717 0.380960
0.315011 0.585951 0.457731 0.633985 0.138951 0.718301 0.217731 0.942994 0.504717 0.360483 0.038915 0.935035
0.067627 0.307199 0.412353 0.624329 0.199859 0.711140 0.731782 0.995993 0.946155 0.180642 0.330565 0.077777
0.765251 0.404634 0.804017 0.979383 0.325891 0.504855 0.463400 0.665691 0.149610 0.004282 0.905445 0.265944
0.671251 0.436420 0.779706 0.620348 0.882649 0.604868 0.865228 0.446625 0.255255 0.475102 0.883413 0.662252
0.436555 0.473791 0.114197 0.686762 0.041337 0.515578 0.648394 0.441887 0.203346 0.063720 0.083251 0.471549
0.187256 0.626393 0.670420 0.760639 0.752077 0.052960 0.918953 0.037052 0.318631 0.481367 0.882008 0.548493
0.606718 0.605399 0.106396 0.262822 0.586977 0.088039 0.500272 0.523941 0.221232 0.356211 0.784062 0.420809
0.502313 0.247614 0.658229 0.512933 0.281329 0.224726 0.109252 0.851106 0.799025 0.124031 0.392719 0.821684
0.286563 0.741119 0.574489 0.787409 0.235310 0.948788 0.103619 0.946073 0.425412 0.437430 0.875643 0.671994
0.549659 0.993975 0.164851 0.329611 0.071153 0.406538 0.167585 0.796476 0.422209 0.473570 0.660090 0.130826
0.010212 0.620829 0.536693 0.977991 0.043148 0.620183 0.366386 0.041929 0.754168 0.481668 0.646820 0.442660
0.212519 0.957754 0.535847 0.984970 0.377971 0.710678 0.466212 0.231635 0.408622 0.216819 0.083306 0.000326
0.325318 0.646767 0.733707 0.772828 0.972330 0.192818 0.420420 0.963316 0.945487 0.468336 0.682546 0.655713
0.620461 0.195842 0.648137 0.700629 0.730395 0.348393 0.381649 0.347234 0.127321 0.236571 0.289494 0.374819
0.042791 0.127792 0.698550 0.374245 0.022331 0.461116 0.911380 0.553356 0.064611 0.245844 0.824911 0.841915
0.553869 0.700137 0.947455 0.634843 0.863631 0.360148 0.461233 0.618625 0.140886 0.680338 0.135436 0.418768
0.157181 0.634285 0.483383 0.475710 0.180827 0.199766 0.930687 0.073067 0.154242 0.059787 0.015146 0.007432
0.482761 0.247705 0.038189 0.200829 0.045036 0.671624 0.274371 0.793713 0.141579 0.493081 0.813481 0.498471
0.526844 0.531331 0.197665 0.607304 0.707537 0.752000 0.849857 0.425041 0.938776 0.721884 0.372710 0.643939
0.030089 0.555509 0.342373 0.402993 0.274872 0.578709 0.123386 0.011545 0.147754 0.589085 0.929447 0.469296
0.978292 0.059115 0.866620 0.544000 0.131453 0.689923 0.634686 0.499158 0.429607 0.392581 0.567923 0.117170
0.541304 0.641041 0.745383 0.560912 0.494088 0.173946 0.165728 0.395088 0.758425 0.291807 0.561012 0.979359
0.610226 0.986084 0.724009 0.556102 0.129301 0.791864 0.122960 0.560221 0.714827 0.342575 0.416404 0.664344
0.122250 0.823779 0.158727 0.392219 0.855434 0.583786 0.172505 0.811497 0.701546 0.822436 0.414465 0.698267
0.670908 0.392835 0.876707 0.384581 0.662776 0.322783 0.665521 0.448084 0.999853 0.689036 0.949690 0.448444
0.172101 0.982044 0.389552 0.093990 0.994085 0.438445 0.734475 0.471810 0.893165 0.145060 0.869596 0.236751
0.573992 0.141541 0.240397 0.036974 0.966915 0.312686 0.908572 0.953456 0.868449 0.396013 0.545633 0.608340
0.810737 0.394504 0.886554 0.048066 0.169768 0.801254 0.115275 0.734414 0.185729 0.269090 0.690868 0.376268
0.126664 0.841339 0.469841 0.727934 0.151832 0.828259 0.947707 0.821788 0.809570 0.222222 0.918051 0.932790
0.804811 0.007020 0.169953 0.490784 0.567794 0.023777 0.200945 0.306088 0.909261 0.892875 0.471282 0.392416
0.953345 0.400989 0.792190 0.145913 0.969579 0.746374 0.167571 0.967303 0.607877 0.245395 0.755682 0.603204
0.689340 0.911115 0.064862 0.168325 0.982559 0.072936 0.284205 0.971200 0.809669 0.063133 0.345817 0.037169
0.190435 0.983610 0.307339 0.991151 0.266321 0.124477 0.062899 0.403277 0.574613 0.487515 0.528739 0.363346
0.399755 0.479283 0.113622 0.056102 0.724131 0.474482 0.801157 0.972915 0.130297 0.306419 0.084838 0.062020
0.804348 0.047039 0.984564 0.034400 0.077522 0.830509 0.903930 0.111215 0.266121 0.590088 0.354268 0.033984
0.005553 0.940708 0.904318 0.814362 0.313406 0.690484 0.612941 0.819540 0.044008 0.441918 0.344130 0.383532
0.848893 0.714567 0.864278 0.713208 0.102303 0.933732 0.764756 0.034345 0.177560 0.148882 0.559934 0.586737
0.505052 0.949640 0.828169 0.555806 0.854815 0.603650 0.290555 0.296327 0.545992 0.264114 0.899940 0.092476
0.354456 0.388743 0.443200 0.648387 0.872644 0.031171 0.692675 0.620733 0.832223 0.823891 0.330065 0.946299
0.140588 0.838892 0.396523 0.440961 0.210117 0.203629 0.013009 0.662970 0.027232 0.943024 0.365789 0.906153
0.685142 0.487724 0.393283 0.688493 0.093473 0.747648 0.905240 0.352795 0.693727 0.294439 0.626639 0.008170
0.849268 0.173147 0.988530 0.248222 0.592202 0.972312 0.802633 0.844661 0.786901 0.555415 0.852648 0.300479
0.598224 0.905243 0.789746 0.976964 0.335284 0.445060 0.362633 0.110005 0.710827 0.464919 0.591072 0.122949
0.783826 0.952122 0.569659 0.692795 0.422520 0.654519 0.893023 0.641581 0.183007 0.760847 0.287628 0.185877
0.742853 0.136995 0.787225 0.964569 0.751137 0.164880 0.091889 0.214127 0.431553 0.704071 0.733716 0.902263
0.216304 0.417576 0.774099 0.074003 0.247333 0.587582 0.198205 0.725339 0.290660 0.736190 0.452369 0.554437
0.380037 0.230446 0.409302 0.498272 0.975028 0.498893 0.821550 0.235122 0.961258 0.163881 0.635444 0.188150
0.009297 0.686235 0.968183 0.430105 0.749900 0.786040 0.131507 0.273103 0.914884 0.470726 0.119167 0.957080
0.917644 0.805342 0.552745 0.463815 0.474653 0.344856 0.066317 0.417305 0.760288 0.157124 0.601883 0.204916
0.854486 0.716065 0.427955 0.045034 0.290904 0.191902 0.243594 0.950385 0.295708 0.600983 0.870717 0.149527
0.511915 0.602490 0.863392 0.731372 0.161927 0.545553 0.530315 0.933340 0.336058 0.506140 0.354796 0.970827
0.499968 0.566565 0.001699 0.673346 0.358718 0.124738 0.883643 0.040156 0.572737 0.124637 0.741085 0.020884
0.165831 0.098216 0.897833 0.771517 0.927279 0.721717 0.531131 0.295076 0.599909 0.352756 0.632338 0.024698
