31.333334 0.373029 0.328797 0.542295 0.730082 0.940520 1.071336 77.884743 163.261749 0.671855 0.000010 4.201736 
29.333334 0.543365 0.740830 1.160720 1.492248 1.882586 2.128762 140.948456 182.932251 -0.887138 -0.970122 6.444866 
32.000000 0.837674 0.646263 1.033011 1.235484 1.726911 1.970583 108.291313 47.648056 -2.018646 -0.600186 5.619713 
62.000000 0.964623 0.470914 0.809265 1.005026 1.591323 1.747368 93.552078 57.281815 -4.290688 0.223609 5.864271 
30.000000 0.975329 0.480324 0.809876 1.081976 1.670541 1.794768 104.662018 50.823742 -5.122958 -0.212590 4.657084 
30.000000 0.977269 0.477225 0.817710 1.164275 1.753647 1.981462 129.620026 33.918663 -3.586050 -0.689228 5.099719 
30.000000 0.981692 0.460854 0.772716 1.289163 1.744453 1.963952 167.865906 20.500374 -2.182838 -2.115455 5.773687 
30.000000 0.961913 0.447315 0.699640 1.178278 1.622358 1.946112 181.255127 25.347603 -2.556321 -2.469872 4.820187 
29.000000 0.975870 0.446569 0.694375 0.967873 1.464704 2.039692 158.950073 31.119678 -3.576827 -1.498194 4.628206 
30.000000 0.948849 0.446847 0.726898 0.913176 1.461110 1.926236 145.043869 28.341301 -3.683267 -2.612057 4.944280 
30.000000 0.650595 0.483440 0.794792 1.072176 1.593071 1.810962 122.561714 35.856033 -2.641814 -1.941326 4.755353 
32.000000 0.485336 0.552523 0.829742 1.276593 1.653084 1.916781 101.083023 38.304470 -1.628185 0.179814 4.889596 
32.000000 0.667715 0.587556 0.918254 1.394532 1.910223 2.204530 96.991791 41.995270 -1.261816 0.053831 5.542028 
28.000000 0.786939 0.561318 1.198307 1.674499 2.213354 2.439006 103.014328 43.695190 -1.802896 -0.132656 6.096187 
48.000000 0.956694 0.504211 1.006660 1.531023 2.194388 2.358638 110.383179 64.906700 -1.931179 0.247222 5.225341 
62.000000 0.865146 0.484082 0.659082 1.340671 2.148976 2.265052 115.077148 72.465805 -1.864201 0.434187 5.410567 
65.333336 0.924187 0.496149 0.642305 1.324666 2.152460 2.252759 125.024612 39.841705 -2.305758 0.185072 5.982653 
70.000000 0.967298 0.503424 0.612244 1.049267 2.097849 2.227068 113.080933 32.737125 -2.610706 0.089860 5.124850 
71.333336 0.979185 0.502201 0.601362 1.009899 2.095700 2.251764 89.162155 29.875706 -3.010216 -0.725017 5.222034 
72.000000 0.973233 0.492002 0.607005 1.108710 2.163487 2.314908 98.879684 18.256557 -3.102526 -1.274225 5.178056 
72.000000 0.975083 0.480975 0.620675 1.126397 2.242885 2.384165 147.535187 14.769897 -3.367966 -1.681723 5.728129 
71.333336 0.984488 0.482159 0.633498 1.062113 2.276155 2.445337 142.197159 15.537231 -3.633097 -1.702971 5.072191 
67.333336 0.962101 0.476042 0.643680 1.002709 2.197890 2.469762 97.114563 18.210033 -4.290718 -0.829057 4.910893 
60.666668 0.889457 0.458892 0.632791 1.013957 1.904858 2.401446 89.715088 24.610199 -4.294514 -0.277771 5.249973 
54.000000 0.925271 0.442992 0.616037 0.922830 1.608304 2.236464 95.063431 30.253740 -3.255029 0.105134 4.762077 
49.333332 0.967287 0.423977 0.677222 0.846698 1.525099 2.063591 92.643524 28.824394 -2.591619 0.036835 5.255342 
44.666668 0.938747 0.389996 0.760454 0.894645 1.467002 1.996577 96.754333 27.245678 -2.637321 0.044182 5.044431 
39.333332 0.975265 0.370807 0.714410 0.873302 1.377446 1.996600 106.816010 33.159653 -3.352579 0.150207 4.725872 
36.666668 0.936693 0.373492 0.634349 0.817670 1.293550 2.007045 102.399628 40.537052 -4.135691 -0.196513 4.829210 
37.333332 0.659824 0.382094 0.649609 0.885675 1.452016 2.079261 99.806313 52.036140 -3.214555 -1.119559 4.776168 
87.333336 0.640126 0.389093 0.676717 0.937011 1.557995 2.173431 105.091026 46.736156 -1.705528 -1.163471 4.706704 
40.000000 0.610997 0.369641 0.697084 0.910060 1.515339 2.178518 99.049179 30.657097 -1.350301 -0.789482 5.323456 
40.666668 0.714715 0.346862 0.650136 0.915954 1.561424 2.161283 86.327606 26.323217 -1.664800 -0.703263 4.887388 
47.333332 0.664193 0.425695 0.703384 1.057138 1.643512 2.215491 92.686829 30.420971 -1.198523 -0.394554 5.517522 
45.333332 0.613154 0.463208 0.825401 1.171768 1.698184 2.223118 100.542282 28.443130 -0.571694 -1.029206 5.626603 
44.666668 0.699200 0.455355 0.857211 1.201635 1.674509 2.219395 89.782074 18.845444 -0.571934 -1.229002 5.363103 
85.333336 0.594725 0.463233 0.829055 1.253034 1.691007 2.190265 81.928169 18.507839 -0.475448 -0.812519 5.689956 
68.666664 0.567230 0.482162 0.912342 1.328269 1.886625 2.195991 89.751205 20.437889 -0.660851 -0.629445 5.386637 
72.000000 0.508110 0.532122 0.926724 1.322092 1.876562 2.237564 100.742622 19.741638 -0.638691 -0.780704 5.810764 
81.333336 0.499953 0.521002 0.849507 1.236521 1.706787 2.249839 96.693832 20.937656 -0.478997 -0.603171 5.573346 
68.000000 0.553022 0.501182 0.866029 1.295363 1.734036 2.185018 101.998451 23.484972 -0.491394 -0.508166 5.386396 
47.333332 0.601015 0.464878 0.836303 1.339866 1.761371 2.083097 111.349838 18.216251 -0.468588 -0.588361 6.158751 
104.000000 0.686017 0.419732 0.682477 1.035315 1.909075 2.278721 93.681900 48.382935 -2.086661 -0.307370 4.531360 
52.000000 0.888260 0.390700 0.531890 0.682763 1.711984 2.452792 96.476547 61.662674 -4.254731 -0.247013 4.526746 
66.000000 0.979851 0.422287 0.585303 0.899762 1.864234 2.432705 92.562096 94.636162 -4.131564 0.224409 5.366920 
67.333336 0.989832 0.477145 0.633420 1.142766 2.311151 2.417966 80.990509 97.603333 -3.472300 0.209042 4.742064 
68.000000 0.985365 0.485439 0.633078 1.073969 2.199651 2.339163 138.319275 30.300215 -3.336702 -0.868306 5.292055 
68.666664 0.948311 0.443153 0.605030 0.964022 1.890069 2.181499 160.164001 27.945341 -2.923844 -1.091049 4.919420 
68.000000 0.986357 0.397262 0.571888 0.872478 1.658935 2.090961 125.131752 36.627880 -2.867618 -0.943130 5.333115 
68.000000 0.965115 0.385055 0.554924 0.866939 1.627548 2.058087 133.549240 23.305201 -3.035243 -2.415419 5.285225 
72.000000 0.872496 0.371927 0.539837 0.861623 1.645685 2.055105 126.894562 26.699059 -2.406780 -2.677826 4.864529 
71.333336 0.886014 0.401693 0.595419 1.150496 1.966487 2.223671 119.466782 59.787651 -2.559972 -0.764073 4.837776 
70.000000 0.991336 0.428704 0.633967 1.418330 2.310393 2.420983 173.858459 53.050774 -3.548719 -0.421768 5.465451 
70.000000 0.994010 0.411337 0.595605 1.400154 2.394174 2.536245 218.691650 22.195808 -3.901152 -1.266295 5.922919 
70.000000 0.992912 0.402833 0.574027 1.412096 2.404607 2.575265 218.578842 18.299038 -4.351673 -1.784883 5.522190 
70.000000 0.985378 0.417020 0.598714 1.463311 2.362929 2.495948 153.970123 23.914768 -4.468880 -1.060538 4.947770 
70.000000 0.969461 0.475941 0.637171 1.452704 2.122936 2.269715 153.664261 38.954010 -3.572271 -0.363246 5.479939 
69.333336 0.952330 0.537352 0.655574 1.231437 1.764716 1.984307 164.800735 45.201294 -2.807676 -0.300163 4.924688 
68.666664 0.950050 0.557665 0.722681 1.063186 1.450074 1.881690 122.619881 38.249371 -2.378216 -1.235934 5.383423 
68.000000 0.956045 0.561103 0.789301 1.032309 1.228193 1.829755 124.546173 29.268991 -2.662544 -1.882662 5.599028 
66.666664 0.974275 0.549157 0.783448 0.983626 1.196952 1.807886 112.744843 20.268356 -3.124651 -1.235250 5.152592 
64.666664 0.973244 0.535082 0.768844 0.950123 1.248015 1.882929 101.970894 16.099361 -3.051586 -1.200895 4.914649 
63.333332 0.969929 0.519461 0.750346 0.935063 1.239457 1.904386 91.227249 18.627174 -3.387663 -1.221583 5.137681 
62.000000 0.905646 0.496917 0.719358 0.918394 1.280622 1.938416 79.799187 16.707495 -3.709377 -1.375073 5.061470 
60.666668 0.879775 0.463025 0.754157 0.968876 1.428435 2.029654 80.413185 24.721136 -4.146524 -0.863375 4.851010 
60.000000 0.923943 0.446385 0.780341 1.006733 1.479923 2.096220 135.664474 23.530048 -4.788666 -1.308911 5.607705 
60.666668 0.958563 0.433325 0.732034 0.991976 1.493590 2.109565 148.945755 12.550867 -5.149896 -2.272558 5.451303 
62.000000 0.957465 0.412461 0.689932 0.987839 1.546954 2.119769 95.326645 16.998081 -4.830392 -1.484457 5.060311 
65.333336 0.935571 0.450224 0.678834 1.013584 1.560231 2.041789 81.012177 30.728392 -3.550264 -0.769762 5.331199 
70.000000 0.967904 0.487407 0.651070 1.093975 1.744947 2.019498 82.185852 33.996109 -2.855314 -0.297009 5.207625 
73.333336 0.968002 0.462965 0.606470 1.090169 2.086471 2.247702 79.687454 32.821609 -4.040579 -0.107725 5.525498 
74.000000 0.974001 0.422630 0.582602 1.076630 2.225619 2.457239 130.513077 30.839771 -5.544630 -0.808763 5.254340 
74.000000 0.926337 0.400547 0.550454 1.048579 2.194464 2.431808 163.957169 23.477158 -4.617496 -1.161497 4.993700 
73.333336 0.690540 0.415196 0.871776 1.528728 2.229297 2.486207 122.577164 35.217197 -3.406495 -1.113781 5.642270 
93.333336 0.512493 0.492530 1.095619 2.050469 2.230011 2.575585 89.195290 36.921135 -3.373234 -0.486737 5.895386 
48.666668 0.571055 0.583030 0.969246 2.023462 2.158372 2.506780 84.739166 27.652710 -2.909737 0.113326 5.223004 
89.333336 0.581974 0.574937 1.205107 2.032689 2.134002 2.460778 99.796906 20.612677 -2.640081 -0.179492 6.491744 
97.333336 0.502576 0.648535 1.564659 2.039559 2.166255 2.501908 106.723221 27.131536 -2.694658 -0.395055 5.540503 
94.000000 0.493567 0.742032 1.607678 2.031060 2.167078 2.589950 93.811676 29.990860 -2.934315 -0.413672 5.483874 
82.000000 0.518125 0.707047 1.624410 2.040884 2.203213 2.621151 86.009079 20.081211 -3.198812 -0.766354 5.790808 
69.333336 0.547846 0.700253 1.675766 2.042225 2.233551 2.562955 96.567535 16.195904 -2.885475 -1.021076 6.803185 
58.000000 0.468164 0.628917 1.227982 1.896488 2.134258 2.471243 94.507095 27.947367 -2.262054 -0.348163 5.207108 
66.000000 0.912542 0.559929 0.772819 1.597716 2.006684 2.243494 85.287552 100.103897 -2.065476 0.263340 5.455621 
74.000000 0.930095 0.585576 0.743041 1.359974 1.931944 2.041404 92.807419 87.458527 -1.897764 -0.020311 5.910641 
74.666664 0.953648 0.616431 0.760353 1.229822 1.917831 2.021623 95.113342 20.654297 -1.701780 -0.047649 5.162017 
76.000000 0.972485 0.622644 0.777633 1.172267 1.914788 2.015707 114.006622 15.175043 -1.809496 -0.623123 5.649866 
75.333336 0.949927 0.605566 0.797691 1.187762 1.873964 1.988724 129.488068 7.647307 -2.062216 -1.589596 5.545871 
70.666664 0.927393 0.571888 0.773411 1.194428 1.806823 1.934349 106.397522 15.651960 -2.598833 -0.884142 5.752800 
64.000000 0.870837 0.510716 0.720923 1.179062 1.738882 1.883721 91.979965 29.875549 -2.844957 0.047188 5.204343 
54.000000 0.902157 0.431293 0.680539 1.098259 1.710471 1.849200 100.586723 40.937851 -2.530560 0.418970 5.694749 
44.666668 0.938947 0.371301 0.641359 0.961428 1.670332 1.831812 112.535561 38.157108 -2.795532 0.559989 4.860775 
39.333332 0.734760 0.366755 0.625293 0.919526 1.668320 1.876160 107.670242 37.958416 -2.985440 0.165329 4.680949 
38.666668 0.474316 0.437140 0.687901 1.032985 1.777643 1.938830 95.126701 46.756638 -2.942594 -0.153875 4.707853 
39.333332 0.622096 0.508465 0.794695 1.378058 1.843921 2.106259 84.781540 40.473438 -3.413219 -0.954434 5.792420 
74.666664 0.676686 0.492997 0.935161 1.686803 1.895419 2.326096 90.480362 32.353554 -4.766982 -1.018139 5.167967 
77.333336 0.683066 0.570903 1.222679 1.775100 1.989759 2.467676 97.722382 33.825241 -5.846560 -0.147443 5.534461 
67.333336 0.580929 0.722361 1.542731 1.793018 2.001059 2.453531 105.729439 35.912971 -4.096160 0.113884 4.970833 
40.000000 0.443258 0.688722 1.427875 1.770142 1.933114 2.300718 117.980499 34.612900 -1.558782 -0.434351 5.678462 
130.000000 0.567974 0.569879 1.106640 1.717852 1.873158 2.294739 105.252075 37.886215 -0.966206 -0.414207 5.982096 
103.333336 0.457227 0.477060 0.837485 1.336907 1.532660 2.070857 90.625626 85.369629 -1.392714 0.215273 4.857269 
74.000000 0.931181 0.433095 0.629516 0.951274 1.370709 1.846894 91.301529 105.294205 -2.098733 -0.126806 4.783588 
80.000000 0.920960 0.442982 0.603031 0.985900 1.596980 1.867170 98.547806 59.917316 -2.620368 -0.402130 4.581426 
80.000000 0.770150 0.449614 0.588865 1.120653 1.648474 1.848819 116.098877 46.164501 -2.090643 -0.700064 5.383718 
74.666664 0.599560 0.445193 0.678365 1.264834 1.614915 1.834826 103.342361 72.652206 -1.199972 -0.310949 5.056061 
110.000000 0.653793 0.464740 0.771731 1.392370 1.669305 1.914328 85.569855 54.560760 -1.440773 -0.935469 5.271820 
76.000000 0.567771 0.512888 0.896763 1.543363 1.798890 2.155568 83.011597 43.159775 -1.874183 -0.940768 5.280289 
64.666664 0.731306 0.518993 0.937109 1.590230 1.773996 2.232378 84.869560 76.604813 -1.510114 0.225522 5.686078 
70.000000 0.668306 0.455079 0.726018 1.164456 1.462248 1.992012 88.357605 80.651337 -2.058274 0.118580 4.468788 
76.000000 0.908645 0.395679 0.582273 0.849120 1.139736 1.511479 86.473427 70.656479 -4.466869 0.207430 4.311864 
76.000000 0.934660 0.397939 0.580725 0.893917 1.169592 1.433613 89.470497 74.871582 -4.944414 -1.907109 6.284564 
74.666664 0.969104 0.422841 0.603686 1.005061 1.532579 1.757356 98.056366 68.772438 -3.393348 -3.402429 5.088502 
73.333336 0.973682 0.445671 0.620724 1.260344 1.902189 2.022751 106.483093 47.369644 -3.495436 -1.842234 4.857326 
68.000000 0.804782 0.447026 0.640170 1.442533 2.099305 2.216815 108.924423 33.780209 -3.648073 -0.464536 5.087517 
66.666664 0.765859 0.414503 0.715899 1.480748 2.056488 2.232682 112.686996 60.099895 -2.594214 -0.555840 5.306084 
73.333336 0.820383 0.401513 0.738438 1.405570 2.012379 2.200331 104.877365 65.862640 -2.720523 -0.648772 5.726331 
73.333336 0.747249 0.444163 0.872952 1.687072 2.156800 2.436389 106.697830 36.919357 -3.068989 0.266203 4.698307 
72.000000 0.641904 0.538676 1.430860 2.034509 2.305988 2.646527 116.928307 37.524364 -2.288349 0.150669 5.007174 
66.000000 0.537565 0.963510 1.689236 1.918982 2.225446 2.490514 102.334000 44.962246 -1.644032 -0.246345 5.264056 
72.000000 0.602410 1.208807 1.496196 1.728913 2.051576 2.321791 91.391296 44.722221 -1.070146 -0.056409 5.358756 
40.000000 0.663057 0.846770 1.387668 1.581879 2.066286 2.279692 91.185303 40.366936 -0.648651 -0.016312 5.003367 
83.333336 0.562698 0.509190 1.019009 1.193094 1.717249 2.201131 95.877579 72.137665 -1.088967 0.580777 4.714449 
80.000000 0.884867 0.396646 0.665370 0.928338 1.184969 1.898124 105.074211 75.776367 -2.936900 0.850601 4.448559 
82.000000 0.954911 0.375552 0.627078 1.025229 1.407187 1.814616 114.791451 48.976143 -3.838074 -0.394473 4.917256 
82.000000 0.967886 0.366118 0.598910 1.156330 1.993325 2.138222 126.318924 44.395424 -4.266721 -1.585638 5.026312 
82.000000 0.972791 0.358258 0.591358 1.293807 2.268760 2.364938 155.515442 28.989744 -5.073122 -1.636050 5.077406 
82.000000 0.958014 0.385621 0.579959 1.259884 2.270669 2.356157 172.470459 16.246708 -4.811237 -1.474456 5.361114 
79.333336 0.893533 0.446299 0.574112 1.142683 2.061178 2.181521 147.305054 23.339550 -3.915693 -0.755066 4.942085 
80.666664 0.887432 0.530080 0.638920 1.070300 1.724214 1.976614 131.294312 39.863823 -3.064787 -0.003311 5.456987 
83.333336 0.951458 0.596797 0.728193 1.018857 1.405707 1.921463 109.666168 39.958145 -3.418454 -0.174198 5.039196 
84.000000 0.946011 0.622345 0.760235 1.008204 1.199778 1.897507 143.138885 26.536570 -4.189348 -1.053196 5.754988 
82.000000 0.981595 0.635326 0.777292 1.018034 1.154426 1.860643 153.976349 19.050312 -4.369445 -1.559429 6.160872 
81.333336 0.969473 0.644353 0.795744 1.017588 1.195758 1.854689 112.826508 16.746243 -4.553315 -1.712092 5.382648 
80.000000 0.973199 0.643757 0.795755 1.022687 1.237738 1.784930 110.600845 14.487490 -4.948965 -1.878111 6.405769 
79.333336 0.940285 0.627928 0.771459 1.004439 1.259657 1.733498 122.642395 16.118938 -5.590151 -1.617326 5.354957 
74.000000 0.874968 0.579883 0.761907 1.013123 1.339055 1.705585 111.819717 23.586830 -5.507330 -0.832660 4.678895 
68.000000 0.911185 0.559640 0.764340 1.092138 1.501061 1.733367 86.532181 31.449512 -5.329987 0.216379 5.033875 
58.666668 0.907852 0.612485 0.759960 1.207693 1.657861 1.835881 82.043427 40.049896 -5.243564 0.476609 5.396978 
50.000000 0.913144 0.657026 0.783221 1.276644 1.761278 1.901898 84.993759 37.295204 -3.927717 0.464216 5.138103 
42.666668 0.956869 0.632681 0.786174 1.302442 1.792421 1.926257 88.861145 30.916685 -2.966780 0.424463 7.288656 
40.000000 0.852896 0.560843 0.787908 1.266326 1.782075 1.931515 95.580742 34.427086 -2.566016 0.256904 5.360815 
37.333332 0.542651 0.579655 0.867005 1.308626 1.728539 1.876796 109.165031 67.008087 -2.429781 0.169520 5.475683 
42.000000 0.615599 0.628890 0.870521 1.378612 1.687249 1.898128 106.460831 58.232399 -2.634128 -0.190827 5.754170 
49.333332 0.569448 0.627717 0.851219 1.355513 1.698415 1.931468 107.446419 18.612228 -3.027308 -0.717610 6.286188 
83.333336 0.550674 0.632352 0.884865 1.386298 1.706535 1.881850 100.321640 27.926548 -3.404709 -0.638123 5.546194 
92.000000 0.615910 0.656202 0.894981 1.411304 1.674236 1.868377 103.501709 30.279373 -2.662304 -0.716255 5.528696 
53.333332 0.489485 0.690364 1.175277 1.562106 1.795519 2.037809 120.675659 47.498756 -1.768229 -0.482263 5.570667 
35.333332 0.452785 0.828894 1.424109 1.661631 1.986386 2.231461 116.745064 46.268471 -1.341391 -0.366087 5.459531 
52.666668 0.511046 0.976196 1.376102 1.593967 1.935031 2.181533 96.073135 22.687183 -1.264373 -0.572324 5.812635 
56.000000 0.950723 0.793393 1.067845 1.307050 1.760263 1.950796 86.665405 73.252808 -2.339339 0.277410 5.415971 
62.000000 0.989554 0.607733 0.773321 1.131267 1.729666 1.846412 83.902573 87.795189 -3.031487 0.766282 5.126819 
62.666668 0.971748 0.610300 0.747899 1.208438 1.815358 1.933938 78.946533 38.546162 -2.628973 0.181742 4.980513 
64.000000 0.977750 0.590023 0.729688 1.140323 1.840082 1.969756 111.431801 19.786758 -2.490536 -0.961507 5.241993 
64.666664 0.881570 0.558922 0.695208 1.112586 1.831579 1.938676 146.270844 23.389202 -1.916433 -1.531240 5.070253 
65.333336 0.709782 0.540778 0.720242 1.410209 1.820687 2.052667 128.195465 55.117233 -1.246784 -0.810814 5.682246 
64.666664 0.659113 0.578946 0.928929 1.733078 1.863892 2.242489 112.010498 59.448700 -1.389568 -0.126822 5.361261 
63.333332 0.805971 0.611079 0.903984 1.719975 1.926848 2.338980 111.964127 34.707855 -1.814449 0.245986 4.801021 
54.000000 0.783112 0.522990 0.701727 1.559977 1.872232 2.184997 91.815102 40.037910 -2.605801 0.786501 4.744422 
50.000000 0.967225 0.450821 0.686678 1.422549 1.785757 1.952069 102.699806 42.089973 -2.762144 -0.522654 5.083355 
48.000000 0.971030 0.439413 0.695035 1.136318 1.766782 1.948665 117.180000 31.266449 -1.619703 -1.613826 5.196827 
46.666668 0.974191 0.387021 0.721717 0.883599 1.684289 1.952199 118.099747 29.804943 -1.432118 -1.154359 5.536035 
53.333332 0.757573 0.433397 0.833079 1.292453 1.808594 2.184651 123.822800 39.173752 -1.665961 -1.610069 4.805336 
94.000000 0.575905 0.544350 1.091073 1.778878 2.030831 2.582202 126.301804 40.854568 -2.554682 -0.721562 5.636764 
164.000000 0.605307 0.577522 1.309035 1.808552 1.960799 2.535650 121.277557 44.465965 -3.845353 0.353661 5.152243 
104.666664 0.734019 0.517234 1.149547 1.726661 1.863040 2.269765 114.394852 63.751495 -2.854619 0.329093 5.049449 
47.333332 0.677425 0.494200 0.934309 1.657090 1.843765 2.254866 120.437927 51.957264 -2.167919 0.091213 5.536355 
38.000000 0.567897 0.741324 1.102612 1.633734 1.818878 2.138898 103.806442 75.996536 -2.676478 0.306419 4.686432 
103.333336 0.427032 0.786948 1.372900 1.737081 1.856537 2.026623 103.708473 78.174995 -2.855617 0.302816 5.393910 
48.666668 0.574191 0.543907 1.115293 1.480359 1.908406 2.071365 120.032364 47.518562 -2.401761 0.192101 4.819237 
50.000000 0.974646 0.455235 0.713788 1.038778 1.833415 1.962612 108.680496 57.552963 -2.299685 0.364633 4.989529 
56.000000 0.978537 0.428701 0.616761 0.956151 1.720928 1.896245 112.299530 46.129257 -2.849173 -0.167564 5.164377 
58.000000 0.971867 0.389832 0.580896 0.902581 1.630025 1.866652 116.334671 32.515438 -2.871391 -0.577414 4.866649 
58.666668 0.676550 0.387280 0.623585 1.089722 1.792859 2.047912 100.526871 37.741848 -2.500778 -0.920009 5.027158 
54.000000 0.442678 0.484710 0.728935 1.383216 2.105783 2.346775 94.970840 40.475800 -2.863276 -0.217505 4.783186 
51.333332 0.590251 0.553734 0.925794 1.543589 2.154280 2.441769 98.961441 45.399502 -4.206809 -0.017123 4.908648 
60.666668 0.598424 0.573169 1.100243 1.655439 2.125359 2.453490 112.671097 45.647942 -5.203290 -0.642311 5.290852 
53.333332 0.673793 0.583756 1.235555 1.752134 2.179308 2.437843 119.351654 30.704868 -4.821661 -0.432301 5.450646 
50.666668 0.625973 0.665430 1.313026 1.786115 2.170446 2.508144 122.594742 25.654560 -4.661784 -0.129529 5.333434 
61.333332 0.513888 0.725898 1.329349 1.746833 2.088603 2.576706 111.499100 22.915770 -5.526939 -0.124788 5.352185 
83.333336 0.484509 0.616848 1.041915 1.532037 1.899458 2.288062 93.715637 81.663261 -3.709710 0.065736 4.787928 
68.000000 0.831858 0.564083 0.758591 1.324085 1.741620 1.982425 82.364960 119.465103 -1.398771 0.138811 5.052752 
74.000000 0.936826 0.579424 0.789460 1.304997 1.717017 1.978309 88.254227 55.368809 -1.282864 0.097977 6.111786 
76.666664 0.950973 0.575486 0.806254 1.235867 1.679156 1.955958 95.521019 17.943031 -1.453400 -0.028344 5.272467 
79.333336 0.968512 0.586624 0.815965 1.192967 1.640457 1.898631 95.509491 20.280025 -1.646593 -0.447224 4.929208 
81.333336 0.966986 0.583673 0.807029 1.163230 1.617845 1.841596 93.691322 14.497118 -2.068816 -0.922156 5.546779 
82.000000 0.960546 0.563128 0.787782 1.087597 1.581871 1.784255 96.392075 14.810230 -2.853164 -1.518578 5.462847 
82.000000 0.968430 0.546858 0.766511 1.037379 1.520108 1.726387 138.446777 16.270603 -3.679189 -2.207123 6.583693 
82.000000 0.979247 0.536198 0.758717 1.047884 1.482255 1.691601 156.687042 11.479973 -4.384247 -2.833705 5.744263 
80.666664 0.976065 0.526385 0.749332 1.031397 1.471312 1.677469 123.054474 9.615591 -4.830707 -2.398565 5.416120 
79.333336 0.951581 0.510534 0.730046 1.034572 1.482539 1.669988 96.686554 11.836171 -5.018064 -1.609946 5.056490 
77.333336 0.964466 0.499598 0.712699 1.043064 1.526805 1.675145 93.167236 13.533054 -5.159817 -1.839202 5.747837 
74.000000 0.957298 0.496721 0.691088 1.096175 1.609882 1.719455 94.625862 21.659765 -5.580335 -1.236224 5.078128 
70.000000 0.926582 0.481690 0.662582 1.142973 1.690711 1.816399 88.877838 28.946907 -4.897598 -0.327906 5.131754 
62.666668 0.918321 0.445766 0.609466 1.052401 1.626410 1.831297 89.858124 37.422550 -3.643521 0.232732 5.033512 
56.666668 0.920617 0.430911 0.579085 0.924171 1.558043 1.780716 93.624725 38.751686 -3.465957 0.503202 5.058931 
52.666668 0.937161 0.404606 0.601676 0.827884 1.525670 1.806344 95.205353 30.826542 -3.597710 -0.030723 4.876939 
54.000000 0.863824 0.344699 0.595712 0.816891 1.531751 1.804263 113.633881 34.109215 -3.350893 -0.814113 4.889471 
60.000000 0.540107 0.450894 0.847264 1.380554 1.850671 2.212931 121.516403 54.474052 -3.045549 -0.142365 5.680645 
98.000000 0.571323 0.578508 1.192184 1.899016 2.221272 2.735227 107.656631 67.399773 -3.402558 0.663410 5.224405 
92.666664 0.485707 0.580993 1.134752 1.801152 2.121657 2.725886 104.042480 55.367622 -2.742227 -0.136547 6.241367 
54.000000 0.721237 0.520749 0.983917 1.662169 1.895076 2.471013 104.834518 42.274559 -1.921573 0.145443 4.853972 
50.666668 0.667549 0.470173 0.985078 1.588554 1.887089 2.287502 97.884956 25.192715 -1.918853 -0.273848 6.174129 
51.333332 0.593977 0.515805 0.991987 1.501348 1.874977 2.284469 104.339417 18.568138 -1.426337 -0.663751 5.957738 
88.666664 0.538936 0.660902 0.980639 1.302877 1.875380 2.190221 115.575699 27.727610 -1.211886 0.246109 6.188647 
50.666668 0.576974 0.718831 0.984615 1.138221 1.870263 2.067678 108.195206 24.956432 -0.955997 -0.316188 6.372779 
83.333336 0.496614 0.635952 0.927873 1.315808 1.895119 2.065060 90.791397 21.279463 -0.719713 -0.550591 8.348250 
126.000000 0.438828 0.616550 0.878303 1.498935 1.954052 2.082201 92.252563 16.791473 -0.731962 -0.643847 5.877813 
40.666668 0.571701 0.652676 0.913815 1.427291 1.949156 2.066507 87.084023 12.717938 -1.934264 -0.949902 5.761570 
98.000000 0.572823 0.615277 0.941649 1.413036 1.920734 2.049050 85.878876 17.164059 -2.028504 -0.563707 6.828063 
64.000000 0.544556 0.574368 0.917437 1.436450 1.899834 2.041244 99.014999 16.152256 -0.718252 -0.624519 6.091220 
29.333334 0.512137 0.620621 0.888440 1.419136 1.908103 2.099223 103.224304 13.829283 -0.544267 -0.671870 5.931356 
62.000000 0.519527 0.598344 0.866706 1.459281 1.910069 2.152708 121.712631 14.846021 -0.516010 -0.794032 5.618710 
39.333332 0.490841 0.586168 0.891971 1.474218 1.907288 2.106704 110.813263 12.471807 -0.502975 -0.962149 5.404479 
100.666664 0.672138 0.592832 0.921977 1.355181 1.890119 2.113970 98.710342 11.071531 -0.355714 -0.890552 5.313333 
82.000000 0.640940 0.576164 0.886735 1.289747 1.888226 2.086747 107.384071 12.667791 -0.356167 -0.980565 6.671626 
48.000000 0.620572 0.587595 0.825617 1.281542 1.907368 2.024704 101.001373 16.961611 -0.491187 -0.800663 5.204395 
102.666664 0.469610 0.583488 0.822835 1.280579 1.859404 2.086476 104.265518 20.366070 -0.442613 -0.696874 5.582670 
98.000000 0.512309 0.557941 0.861240 1.289589 1.837122 2.099391 95.307625 19.357952 -0.387563 -0.850699 5.739875 
43.333332 0.527032 0.539131 0.855194 1.336472 1.813515 2.087952 81.320450 18.091591 -0.456414 -0.493254 5.873065 
48.666668 0.679397 0.497940 0.897189 1.373164 1.838348 2.179487 93.777664 18.890030 -0.690468 -0.122587 6.036112 
50.666668 0.700814 0.442833 0.897932 1.266951 1.764602 2.179138 98.360306 19.644758 -0.691884 -0.537863 5.369516 
50.666668 0.673427 0.436024 0.881529 1.218070 1.684023 2.165410 83.969879 16.711960 -0.479785 -1.346304 5.808178 
48.000000 0.683945 0.505281 0.881122 1.299741 1.739383 2.163262 87.697403 16.108503 -0.432798 -1.340991 5.781673 
52.666668 0.609949 0.702805 1.076592 1.644323 1.925919 2.250116 94.729752 107.732117 -1.214153 -0.075174 5.291616 
53.333332 0.599506 0.645004 0.940186 1.719682 2.087699 2.263339 101.053658 137.615936 -2.693827 1.023187 4.346311 
50.000000 0.995152 0.474104 0.573339 1.316950 2.029259 2.133762 99.254982 72.479301 -3.393711 0.612439 4.578893 
48.000000 0.975112 0.515672 0.601788 1.169965 1.990553 2.088308 85.230782 58.068138 -3.178699 -0.120719 4.721133 
47.333332 0.966890 0.541512 0.661420 1.322857 1.920432 1.996232 90.674194 40.564499 -3.173512 -0.440598 4.889847 
48.000000 0.828197 0.526083 0.752850 1.538758 1.853373 2.018610 117.151825 47.902775 -2.011332 -0.583683 6.236171 
50.000000 0.814488 0.523548 0.976534 1.723246 1.906955 2.164811 128.007111 66.402573 -0.915522 -0.250467 4.930916 
24.666666 0.764502 0.543078 1.082695 1.764002 1.947871 2.270526 112.682709 47.446213 -1.263680 -0.024448 5.542132 
24.000000 0.873628 0.544527 0.954397 1.645313 1.962943 2.278186 107.185959 19.912399 -1.379726 -0.649339 6.834611 
48.666668 0.802590 0.563075 1.046709 1.643771 1.971884 2.236467 119.240593 18.510044 -1.177936 -0.714303 5.455977 
54.000000 0.958706 0.563841 0.994721 1.363847 1.650851 2.027952 104.729912 60.168526 -1.678969 0.050353 4.827152 
62.000000 0.912635 0.542703 0.782498 1.019663 1.337432 1.826055 87.152634 65.504211 -2.988842 0.311064 4.986515 
63.333332 0.959389 0.525931 0.740665 1.022035 1.350551 1.810246 91.290115 30.698280 -3.847231 0.287560 5.021179 
66.000000 0.963760 0.510622 0.688886 1.022942 1.431863 1.770370 109.037483 23.198868 -4.215880 -0.751274 5.556199 
66.000000 0.986816 0.503487 0.677279 1.034309 1.519744 1.748802 146.332611 16.721182 -4.469100 -2.604036 5.188185 
65.333336 0.975842 0.503263 0.695697 1.104423 1.606251 1.800251 133.059799 18.649666 -4.340387 -2.804350 5.151068 
63.333332 0.963178 0.498052 0.715236 1.221635 1.718698 1.880753 102.700546 24.087595 -3.680399 -1.587987 6.192246 
58.666668 0.960514 0.487824 0.713847 1.362838 1.781569 1.946241 107.089806 33.794472 -3.084047 -0.415794 5.041936 
56.000000 0.899497 0.473391 0.740465 1.547596 1.805510 2.081655 106.881134 42.572002 -2.453434 -0.238948 5.173290 
60.000000 0.662395 0.523403 0.949299 1.631460 1.849593 2.218648 109.675987 49.939045 -2.365917 -0.586414 5.236766 
62.666668 0.570439 0.597992 1.232111 1.623416 1.867786 2.281871 107.577133 45.999863 -2.115709 -0.276481 5.008330 
54.000000 0.505173 0.608670 1.263724 1.606836 1.898363 2.321442 114.115364 31.050386 -1.975104 -0.376429 5.998602 
63.333332 0.584874 0.590535 1.246562 1.664275 1.907794 2.344302 124.094742 21.803423 -2.574897 -0.779369 6.844086 
81.333336 0.631581 0.587389 1.338615 1.706450 1.881941 2.388427 116.197372 19.654085 -3.850599 -1.015373 5.618246 
80.666664 0.560473 0.536855 1.040843 1.556233 1.834516 2.176389 108.413536 29.253376 -4.574114 -0.617063 4.843366 
48.000000 0.590361 0.517585 0.870798 1.520482 1.763772 1.943025 112.310699 29.265320 -3.260023 -0.655525 5.400366 
99.333336 0.601865 0.598714 1.106301 1.641579 1.755266 2.030749 121.145447 40.278748 -2.261872 -0.402409 4.787825 
98.000000 0.563363 0.576855 1.085729 1.628125 1.768661 2.055607 116.939163 43.541042 -2.215158 0.102141 5.373024 
112.666664 0.489215 0.497617 0.912357 1.540093 1.779896 2.076910 98.728882 22.376963 -2.594807 -0.299248 5.957695 
86.000000 0.524011 0.523236 0.866854 1.483678 1.796782 2.189881 87.844177 18.114620 -2.334756 -0.800409 5.617771 
97.333336 0.473172 0.561341 0.981460 1.459544 1.782227 2.227967 87.050476 23.577019 -1.522110 -0.920297 5.592035 
68.000000 0.557105 0.720717 1.266206 1.648671 1.899468 2.334523 81.463745 75.812187 -1.618985 0.186958 4.896373 
103.333336 0.403448 0.911732 1.415083 1.797155 2.017025 2.377732 90.793655 88.931473 -1.549350 0.093662 7.187801 
45.333332 0.421522 0.904593 1.274460 1.685069 1.941005 2.218640 92.224197 38.545635 -0.878564 -0.589743 5.523815 
52.000000 0.971138 0.732156 1.002710 1.316016 1.621876 1.909277 87.591164 80.504181 -2.607722 0.227799 5.367288 
52.000000 0.983558 0.604553 0.807762 0.997464 1.393934 1.726830 116.791504 86.888107 -4.626404 0.343074 4.597054 
52.000000 0.922120 0.549909 0.804214 1.019904 1.426145 1.799122 154.238022 31.814320 -3.345212 -0.907002 5.242238 
52.000000 0.954440 0.410049 0.750088 1.183743 1.517745 1.892488 151.112976 47.915138 -2.585855 -0.373126 4.700418 
52.666668 0.939905 0.347493 0.768116 1.227841 1.495774 1.904526 116.919807 48.713024 -3.923719 -0.694614 5.043753 
55.333332 0.947609 0.359194 0.821350 1.127763 1.413457 1.887182 95.454712 20.822784 -5.071623 -2.217964 5.447045 
56.000000 0.945952 0.363576 0.809608 1.124573 1.429976 1.925408 119.692017 13.335104 -5.374000 -2.649716 5.256022 
56.000000 0.960630 0.362316 0.822480 1.143515 1.394224 1.924078 164.693481 13.800632 -5.535487 -3.809582 5.488794 
56.000000 0.974461 0.351529 0.835405 1.146176 1.387983 1.860216 189.921249 12.472738 -5.308931 -5.130726 5.879017 
54.666668 0.889644 0.419135 0.817556 1.080180 1.361424 1.818611 154.587845 32.629070 -3.523505 -3.031881 5.249774 
51.333332 0.897308 0.579742 0.809682 1.008763 1.278525 1.824773 103.209366 54.424099 -2.892275 0.063509 5.202824 
48.666668 0.949531 0.673350 0.839163 1.027719 1.250157 1.755356 86.034912 39.109421 -3.447937 0.339498 4.789853 
46.666668 0.949188 0.653605 0.850005 1.040365 1.241462 1.684595 85.838089 27.225536 -3.166723 0.287237 5.100108 
44.000000 0.919492 0.617116 0.827691 1.038328 1.211410 1.623170 94.606369 29.241104 -3.547714 0.321969 5.353909 
41.333332 0.940105 0.592369 0.756459 0.987069 1.139411 1.595971 92.448349 33.844177 -4.264375 0.093077 4.597063 
39.333332 0.911006 0.532392 0.763032 0.944233 1.081239 1.471467 86.273529 35.004158 -5.091140 -0.123358 4.795247 
38.000000 0.890965 0.455053 0.775738 0.946324 1.099752 1.310813 87.373688 27.289793 -5.073025 -0.428448 5.254060 
37.333332 0.938192 0.418463 0.734066 0.922118 1.159180 1.374923 93.945770 24.445210 -4.102085 -0.518282 4.653871 
35.333332 0.782863 0.407564 0.738286 0.933588 1.220577 1.498322 99.473267 24.050617 -3.306831 -1.181691 4.861145 
39.333332 0.571305 0.508725 0.896840 1.182160 1.488710 1.841213 99.590523 36.507328 -2.893148 -0.882965 4.591233 
40.666668 0.546288 0.635299 0.994246 1.363618 1.801751 2.164660 109.525307 39.786236 -2.795433 -0.259438 5.758125 
38.666668 0.604257 0.574137 0.934005 1.264164 1.837666 2.234766 116.428497 31.980099 -3.527355 -0.422654 5.220895 
39.333332 0.535549 0.590599 0.995850 1.215920 1.786346 2.298198 98.119003 33.656170 -4.666160 0.079455 4.991571 
150.666672 0.617973 0.735431 1.045971 1.253347 1.876323 2.383536 95.136963 30.944056 -5.516038 -0.119252 5.153507 
56.000000 0.495768 0.785851 1.062472 1.255084 1.968647 2.454355 108.417404 31.505507 -4.708317 -0.649001 5.508857 
46.000000 0.466904 0.809466 1.105329 1.540208 2.063567 2.435973 98.059830 42.584057 -3.799258 -0.076060 4.850075 
40.000000 0.446801 0.626086 0.943256 1.826532 2.131187 2.318352 96.054390 64.066208 -3.270896 0.790923 4.875593 
48.000000 0.987172 0.473501 0.695467 1.667914 2.061944 2.203308 98.413834 77.918236 -2.250097 0.525105 5.249502 
50.000000 0.920192 0.520407 0.626226 1.450241 1.966832 2.102672 106.152939 49.855179 -1.994650 -0.225681 4.815641 
51.333332 0.781786 0.483272 0.761946 1.486752 1.948273 2.120579 109.733238 42.142445 -1.489534 -0.406254 4.990387 
48.666668 0.642212 0.509842 1.121249 1.709812 2.020158 2.285343 109.621422 59.676788 -1.128304 0.284810 5.088467 
48.000000 0.671599 0.580975 1.321656 1.830485 2.011693 2.391247 127.918121 37.589542 -1.092592 0.067479 6.215443 
46.666668 0.828097 0.590331 1.470568 1.828445 2.012281 2.473806 125.443527 20.504242 -1.208580 -0.451102 5.395327 
49.333332 0.787817 0.676764 1.686031 1.811622 2.206423 2.556558 113.602417 26.308784 -1.547186 -0.261396 5.061340 
62.666668 0.561984 0.694343 1.486956 1.793900 2.196061 2.509752 105.965622 46.412712 -1.530116 -0.398742 5.131668 
46.000000 0.949597 0.498107 0.932778 1.368338 1.872305 2.172524 102.948616 78.654037 -1.265194 0.330003 4.627196 
50.000000 0.983661 0.383547 0.648357 0.944531 1.731058 1.868830 95.393585 67.789429 -1.713629 0.446333 5.084649 
50.666668 0.933529 0.403041 0.662492 0.991275 1.718681 1.838191 102.248978 32.462597 -2.114998 -1.125981 4.812833 
50.666668 0.933795 0.511735 0.759672 1.115541 1.674091 1.814690 143.167145 63.329155 -2.523482 -0.749458 4.813820 
49.333332 0.976934 0.662222 0.913826 1.154307 1.575590 1.741769 141.659012 66.922394 -3.068710 0.191632 4.964689 
47.333332 0.968384 0.699746 0.990757 1.134926 1.480802 1.735655 96.912857 28.358192 -3.406099 0.007901 5.057278 
44.666668 0.958872 0.663736 1.007741 1.147961 1.420077 1.713274 93.620987 27.514641 -3.760464 0.186692 5.088282 
42.666668 0.962710 0.629249 0.924158 1.147054 1.422745 1.635733 108.565575 26.987116 -3.764336 0.332082 5.009104 
42.000000 0.955906 0.617826 0.848906 1.072985 1.439168 1.672873 108.808594 24.166073 -4.202332 -0.268867 5.568281 
43.333332 0.609226 0.629553 0.943320 1.121523 1.461792 1.749019 132.378143 31.722198 -3.653166 -1.210478 5.267056 
43.333332 0.551803 0.649977 1.065016 1.218553 1.484675 1.683529 137.153000 56.543228 -3.668474 -0.361395 4.778526 
42.666668 0.622781 0.711056 1.067791 1.198525 1.428931 1.648241 117.906372 49.542160 -4.536936 0.025766 5.098303 
55.333332 0.489599 0.703988 1.044847 1.163083 1.456514 1.719538 102.346329 30.834339 -2.898155 -0.674455 5.185531 
56.666668 0.611140 0.678812 1.077200 1.205032 1.515985 1.787336 99.697556 25.803295 -1.504881 -0.593350 5.686474 
96.000000 0.510098 0.817235 1.174511 1.341059 1.710631 2.114006 114.951584 25.644085 -1.236602 -0.357269 5.078736 
62.000000 0.505352 0.903595 1.246853 1.514825 1.959443 2.362201 107.093399 31.533545 -0.882281 -0.023351 5.316021 
90.666664 0.519357 0.946188 1.257717 1.657641 1.944069 2.321542 100.830757 24.275599 -0.901707 0.087715 5.481023 
44.000000 0.962182 0.778934 1.027933 1.312060 1.589323 2.008744 102.095673 66.414749 -2.361876 0.647589 4.347636 
50.000000 0.932446 0.582115 0.808333 0.939943 1.307510 1.750415 105.008217 82.029770 -3.973992 0.760398 5.175056 
52.666668 0.798836 0.587032 0.791912 0.945137 1.320480 1.833347 97.956070 43.286476 -3.833255 0.342325 4.863927 
52.666668 0.813767 0.442327 0.802764 0.978539 1.395859 1.912780 87.106796 53.928909 -3.758478 0.678457 4.939992 
53.333332 0.915941 0.344300 0.829038 1.045473 1.521112 1.969928 85.098587 50.210934 -4.577830 -0.372242 5.032328 
54.000000 0.855650 0.374361 0.793390 1.042171 1.497285 1.908616 127.976868 25.763405 -5.153233 -2.404511 6.523983 
46.000000 0.662632 0.428494 0.791873 1.021864 1.367844 1.793321 124.033646 35.656799 -4.090279 -1.926060 4.751143 
52.666668 0.694933 0.507470 0.785886 1.043153 1.270557 1.793317 79.089005 44.012642 -2.877661 0.000451 4.928488 
54.000000 0.566389 0.592839 0.737854 1.007991 1.170890 1.672966 93.116928 54.840721 -3.940242 0.818400 4.522404 
43.333332 0.601098 0.653917 0.753707 0.969378 1.110571 1.611074 109.186157 49.788902 -4.675779 -0.260681 5.071661 
98.666664 0.627434 0.647093 0.756512 0.998413 1.125529 1.732627 126.826614 26.559696 -3.831939 -1.229469 4.922468 
78.666664 0.703004 0.626781 0.768185 0.990414 1.171486 1.833869 119.417557 28.311823 -3.937996 -0.599792 4.545818 
70.000000 0.672313 0.625757 0.772403 0.973968 1.148599 1.946535 98.687180 55.923431 -4.352913 -0.507863 5.076583 
50.000000 0.941766 0.634722 0.733586 0.920399 1.114409 1.926184 102.192139 74.733894 -4.453243 -0.172789 4.704848 
48.000000 0.943235 0.635283 0.764902 0.882993 1.179820 1.848970 101.844208 55.897381 -4.181368 0.473054 5.214682 
46.000000 0.962904 0.609612 0.802274 0.911746 1.204901 1.859010 101.193756 34.339256 -3.751945 0.491873 4.791667 
42.000000 0.983115 0.590852 0.760333 0.909109 1.144516 1.767732 109.855705 33.668983 -4.466774 0.554597 4.728781 
39.333332 0.971094 0.605061 0.708086 0.902722 1.109166 1.606951 117.171669 35.862587 -5.343599 0.392470 4.601860 
38.000000 0.981763 0.620411 0.697911 0.893566 1.100993 1.568311 119.490997 26.475506 -5.874386 -0.603444 4.417657 
38.000000 0.991216 0.624195 0.695977 0.891240 1.090164 1.560347 160.273331 15.673676 -6.116802 -2.629743 4.884896 
38.666668 0.985497 0.621885 0.695093 0.887662 1.081492 1.550025 185.531586 12.769417 -6.223301 -3.248574 4.750467 
39.333332 0.960873 0.609551 0.684207 0.866231 1.072417 1.561530 131.648071 16.890932 -6.383944 -2.054240 4.668957 
42.000000 0.959243 0.581441 0.662854 0.842657 1.044050 1.556732 88.261635 23.055729 -6.576485 -0.622373 4.139685 
43.333332 0.673327 0.534957 0.656525 0.814642 1.090129 1.624120 95.222809 40.074474 -5.375401 -0.146477 4.411936 
59.333332 0.661932 0.539491 0.655533 0.812398 1.097254 1.614727 104.191895 51.570560 -4.583060 -0.281188 4.721505 
62.000000 0.734485 0.536928 0.661438 1.013365 1.312160 1.687811 103.675476 57.140720 -3.445176 -0.314127 5.160437 
72.000000 0.913797 0.476763 0.655176 1.216789 1.729735 1.910441 104.567467 70.484215 -1.617690 -0.086773 4.964669 
76.000000 0.958620 0.430766 0.611251 1.294302 2.042384 2.135718 104.692108 58.897549 -2.160061 -0.069491 4.761218 
77.333336 0.965788 0.406922 0.593926 1.343080 2.262302 2.363775 96.440598 33.084991 -3.330288 -0.652098 5.102087 
76.666664 0.969092 0.415280 0.591959 1.348664 2.250563 2.354877 106.329803 18.814260 -3.746321 -1.364912 5.882104 
75.333336 0.928325 0.460091 0.587690 1.204663 2.015634 2.109221 110.037239 26.022026 -3.262156 -1.022015 4.726851 
74.666664 0.909584 0.511292 0.640327 1.066469 1.707267 1.870195 132.004013 40.596336 -2.759132 -0.730295 5.359692 
76.000000 0.955258 0.569888 0.732004 1.051102 1.448405 1.884850 151.832047 41.575195 -2.787857 -0.513731 5.136042 
76.000000 0.979439 0.627304 0.781497 1.010405 1.293259 1.895230 140.794952 29.922176 -3.302441 -0.434805 6.026800 
76.000000 0.975529 0.645733 0.790083 1.009539 1.289437 1.842233 175.781387 15.556048 -3.693253 -2.670575 6.295124 
76.000000 0.972372 0.648836 0.795801 1.030057 1.353774 1.829943 205.126617 12.514751 -3.481020 -4.137916 5.814506 
76.000000 0.966523 0.632644 0.791692 1.042680 1.419807 1.783730 206.876709 14.588881 -3.528271 -3.558197 5.422654 
76.000000 0.945181 0.581107 0.780311 1.063781 1.523185 1.733891 201.406372 21.543879 -4.256202 -1.733862 4.892117 
71.333336 0.786951 0.523868 0.755631 1.078485 1.520808 1.756859 155.274475 32.416679 -3.999691 -0.203817 4.729437 
74.666664 0.789294 0.567536 0.868045 1.191062 1.563281 1.938281 101.684639 51.755089 -2.083062 -0.140378 6.474391 
76.000000 0.817050 0.659036 1.025079 1.347900 1.617020 1.928198 116.855675 64.563850 -1.772383 0.036982 5.322063 
76.000000 0.622473 0.707895 1.064901 1.386866 1.588776 1.851850 125.595779 47.281124 -2.062912 -0.382011 5.141049 
76.000000 0.644337 0.717884 1.169690 1.477135 1.745204 2.058844 122.542679 30.417564 -2.235105 -0.805285 5.336733 
76.000000 0.616453 0.699416 1.261968 1.589537 1.887542 2.381132 127.198654 27.936996 -3.715956 -0.470238 5.327189 
116.000000 0.605250 0.740587 1.292663 1.702730 2.069796 2.492210 114.799706 31.511503 -4.116261 -0.055717 5.418918 
100.666664 0.455737 0.809675 1.422558 1.862614 2.185146 2.489604 113.736397 33.847176 -3.994955 0.269032 6.483574 
71.333336 0.568590 0.660093 1.127268 1.851044 2.020650 2.456487 99.918388 46.275764 -3.159747 0.492607 4.851712 
76.000000 0.954482 0.484252 0.687733 1.684382 1.857237 2.242897 102.030563 68.279045 -1.620934 0.048698 5.759633 
80.000000 0.932166 0.461261 0.635195 1.514251 1.813581 2.125880 115.796783 50.349361 -0.981536 -0.624519 5.661346 
80.000000 0.957890 0.434114 0.608373 1.259841 1.812957 2.057549 117.875000 30.505955 -1.071193 -1.174340 5.587438 
80.000000 0.916887 0.448492 0.604921 1.179984 1.831043 1.970181 124.725395 33.000912 -1.804572 -1.630481 4.990165 
78.666664 0.772412 0.442178 0.583985 1.206688 1.832847 2.000878 118.630707 42.777020 -2.021363 -1.481790 5.817056 
83.333336 0.629753 0.409347 0.609944 1.259349 1.852301 2.045319 100.561371 56.915291 -1.717340 -0.764732 4.985824 
73.333336 0.618855 0.533203 0.851030 1.223234 1.774316 2.053825 98.509476 54.114384 -1.970061 0.412797 5.105876 
114.666664 0.438685 0.715750 1.025197 1.083421 1.528579 2.002931 104.747459 41.613491 -2.747792 0.092733 5.488069 
53.333332 0.434321 0.827959 1.015461 1.187511 1.669767 2.043064 99.184593 39.048840 -2.634469 -0.303465 4.896620 
41.333332 0.530527 0.853977 1.043394 1.294289 1.931136 2.132703 89.808441 35.774055 -1.583644 -0.218172 5.644611 
66.000000 0.426330 0.869305 1.092710 1.286519 1.899184 2.068377 85.531189 25.648827 -1.379212 -0.570377 5.205048 
59.333332 0.490869 0.794316 1.108366 1.253986 1.791393 2.006863 78.832458 30.364952 -1.173233 -0.396648 5.204470 
46.000000 0.956800 0.632227 0.950129 1.120309 1.636695 1.856941 70.690582 104.149353 -3.151696 0.179251 5.105269 
46.000000 0.953814 0.659646 0.830981 1.082020 1.581944 1.711763 114.916832 112.251740 -5.134645 0.165033 4.802047 
46.000000 0.974931 0.735973 0.867885 1.174622 1.601486 1.755732 156.716339 34.930733 -4.376598 -0.881463 6.156371 
46.000000 0.972550 0.751780 0.874183 1.189517 1.601206 1.846827 142.043243 15.797352 -3.775928 -1.325647 5.545152 
46.000000 0.940364 0.760206 0.883634 1.194373 1.608639 1.866191 151.376892 12.507778 -3.491819 -1.765483 5.647226 
46.000000 0.957556 0.763328 0.889042 1.198419 1.630643 1.842992 191.229370 8.787411 -3.228495 -3.107056 6.711700 
46.000000 0.983209 0.758967 0.898345 1.179497 1.627089 1.817281 199.292603 10.574772 -2.805336 -3.200677 5.690394 
46.000000 0.993767 0.748249 0.911308 1.153944 1.551336 1.831869 188.575897 15.194418 -2.655184 -2.348733 5.112277 
47.333332 0.947753 0.699115 0.927751 1.128929 1.512468 1.797032 183.822296 22.411343 -3.084522 -1.590721 4.959502 
46.666668 0.887434 0.649218 0.948645 1.291947 1.642945 1.982758 150.897430 59.459198 -1.893699 -0.458093 5.716832 
46.000000 0.914584 0.600132 1.056370 1.450709 1.686985 2.171388 120.501846 68.619179 -0.443974 0.035433 5.048004 
49.333332 0.740593 0.648676 1.226192 1.581552 1.780977 2.168448 107.559044 41.365372 -0.685548 0.044449 4.988340 
45.333332 0.467868 0.886218 1.274972 1.744935 1.996907 2.347537 99.682938 37.659843 -1.404545 0.298942 4.704572 
50.000000 0.646429 0.979538 1.291912 1.612539 1.891103 2.352090 96.949135 52.231529 -1.394390 0.381904 4.910734 
46.000000 0.785754 0.909665 1.247246 1.457366 1.774652 2.194202 110.711288 57.071342 -0.832362 0.434213 5.549466 
46.000000 0.717173 0.972715 1.168337 1.409628 1.740959 2.223711 129.237488 40.840584 -1.119889 0.197004 5.231247 
64.666664 0.653793 1.045220 1.214964 1.406458 1.831949 2.382006 128.248505 25.549526 -1.369475 -0.314897 5.331768 
46.000000 0.720732 0.977465 1.218206 1.540841 2.077746 2.608589 115.193008 19.437710 -2.364326 -0.154543 5.258630 
80.666664 0.620206 0.925373 1.228097 1.796308 2.187881 2.674689 112.104073 22.411728 -4.056943 -0.403548 5.333058 
96.000000 0.436221 0.879310 1.365230 1.977495 2.248168 2.801606 117.077415 31.541212 -5.348939 -0.379963 4.924181 
49.333332 0.521365 0.976024 1.617940 1.974823 2.318506 2.827946 106.722687 45.141552 -4.243706 -0.087756 4.815954 
83.333336 0.434565 1.071467 1.709978 1.905829 2.285724 2.485287 98.858063 42.575714 -1.995367 -0.043365 5.833045 
66.000000 0.455326 0.951212 1.445439 1.833413 2.160499 2.357048 102.132843 49.244122 -1.212287 0.187751 5.975000 
66.000000 0.700919 0.643897 0.942964 1.354538 1.930757 2.282936 121.712334 75.573532 -1.809692 0.601185 4.333371 
67.333336 0.942824 0.415005 0.626597 0.861830 1.432718 2.044344 136.539215 68.534409 -2.728193 0.424178 4.554202 
64.000000 0.903957 0.442134 0.647305 0.894062 1.183120 1.739140 122.397217 59.308846 -3.270305 -0.629984 4.342626 
58.000000 0.956191 0.484868 0.704531 1.070084 1.411533 1.622812 104.703568 75.309708 -5.274806 -0.115162 4.922161 
55.333332 0.980561 0.566461 0.747901 1.163969 1.618801 1.718729 107.163681 65.838570 -6.095086 0.416655 5.607764 
49.333332 0.934104 0.610330 0.792930 1.200794 1.657279 1.789718 106.463921 42.948280 -4.948370 0.194331 5.395987 
48.000000 0.841171 0.585850 0.774768 1.183594 1.616190 1.779252 95.073837 35.685757 -4.936683 0.233728 4.888031 
46.000000 0.464910 0.623704 0.827951 1.248002 1.622165 1.730182 96.691483 72.733162 -5.383442 0.358748 5.690682 
50.666668 0.541186 0.647405 0.951821 1.332864 1.635699 1.716842 111.673935 68.178734 -5.423295 -0.549915 6.850162 
101.333336 0.506073 0.580660 0.918808 1.297664 1.588198 1.678023 118.561676 28.011833 -5.189231 -1.061678 5.073527 
94.666664 0.525859 0.573881 1.040954 1.453661 1.699273 1.870348 110.598320 39.283649 -3.009452 -0.450969 5.227252 
42.000000 0.950001 0.517965 0.989463 1.353294 1.667761 1.950854 102.389740 52.676018 -1.557943 0.263736 5.325990 
44.000000 0.969928 0.487307 0.755391 1.234092 1.579374 1.807353 112.172638 61.558769 -3.256119 0.602601 4.847241 
47.333332 0.940901 0.532053 0.731392 1.382392 1.723799 1.851127 110.324509 48.896179 -3.578997 0.356663 4.922997 
52.666668 0.915263 0.495127 0.767263 1.487494 1.811483 2.023725 90.036171 40.146786 -2.146612 0.384462 5.487052 
58.000000 0.809546 0.476862 0.982917 1.561583 1.864748 2.198772 95.126129 50.070633 -1.403360 0.218458 5.042617 
58.666668 0.724724 0.457322 1.013772 1.564855 1.847646 2.266299 112.239296 43.872700 -1.538507 -0.928029 5.833539 
56.000000 0.867488 0.424521 0.753881 1.610692 1.800756 2.154674 115.187988 29.970846 -2.687111 -1.358615 5.210307 
58.000000 0.974635 0.470600 0.652243 1.464131 1.792143 1.940542 125.411209 40.621571 -2.571484 -0.643763 5.209569 
60.000000 0.925072 0.545344 0.692534 1.273457 1.802094 1.869139 120.077728 52.882256 -1.924887 -0.096194 4.854774 
62.000000 0.967393 0.569352 0.722378 1.276295 1.840264 1.912286 121.385880 32.688961 -1.914755 -0.507472 5.110634 
62.000000 0.973887 0.560391 0.726643 1.281264 1.870037 1.959325 155.568069 14.461298 -1.778551 -1.534452 5.762312 
62.666668 0.902262 0.507387 0.697729 1.153751 1.875723 1.962059 135.992783 24.513426 -2.104948 -1.511472 5.164584 
64.000000 0.662475 0.447140 0.659916 1.083642 1.822076 1.935301 104.103073 50.122963 -1.969179 -0.656734 5.232061 
63.333332 0.638467 0.509315 0.680157 1.364405 1.797397 1.942379 126.106247 57.590488 -1.558068 0.157323 4.469614 
62.000000 0.715677 0.599029 0.785183 1.723306 1.946186 2.265146 126.999168 46.210400 -2.271260 0.251379 6.125042 
58.000000 0.699775 0.579897 0.763131 1.788970 2.040099 2.558199 100.589706 42.362385 -2.680482 0.023212 4.883142 
58.000000 0.975367 0.499951 0.608007 1.532938 2.053887 2.366933 97.613586 60.553978 -2.614356 0.375099 5.307767 
60.000000 0.959505 0.445473 0.537627 1.370321 2.088040 2.170268 102.740280 51.923622 -3.208590 0.114169 5.065416 
64.666664 0.932673 0.437112 0.558286 1.426803 2.065886 2.149491 96.680069 27.562149 -2.948383 -0.406108 5.517957 
72.000000 0.807388 0.413284 0.588021 1.417753 2.066967 2.187757 90.792770 50.795624 -2.880885 0.144804 5.563864 
73.333336 0.606246 0.411255 0.659289 1.674299 2.115707 2.343603 100.228882 54.166267 -4.009659 0.150892 4.951643 
65.333336 0.635401 0.426257 0.642556 1.954402 2.151192 2.393569 110.274521 36.601410 -4.607256 -0.401213 5.656571 
49.333332 0.674742 0.421698 0.570272 1.700946 2.135732 2.256721 113.230591 37.066360 -3.855460 -0.775706 4.672815 
38.666668 0.577299 0.447239 0.561452 1.248080 2.124427 2.207464 117.138084 36.509453 -3.328633 -0.333233 5.251159 
57.333332 0.732154 0.468978 0.603495 1.179825 2.022627 2.179256 113.644257 37.181339 -3.651467 -0.194965 4.863427 
55.333332 0.575291 0.491097 0.799826 1.356842 1.950188 2.141329 108.515717 36.477261 -2.998123 -0.303604 4.623858 
52.000000 0.523426 0.505934 0.916903 1.597130 2.169571 2.291057 89.112686 47.188988 -3.526877 0.565851 4.837138 
68.000000 0.949739 0.478690 0.751773 1.432707 2.219011 2.348332 87.505264 99.739563 -4.318376 0.923583 4.700664 
62.000000 0.979182 0.461051 0.626870 1.130427 2.088367 2.244053 100.256149 93.219582 -3.504303 -0.220415 5.159793 
63.333332 0.943686 0.466092 0.656239 1.150679 2.048344 2.169822 116.100845 29.555407 -3.273003 -1.330872 6.777824 
60.666668 0.949563 0.443512 0.661951 1.091113 1.838066 1.996365 128.529587 32.486721 -2.994863 -0.670875 4.751976 
56.666668 0.972001 0.406245 0.641853 1.012357 1.700891 1.875243 113.808228 34.844353 -2.747038 -0.702393 5.333171 
56.000000 0.952950 0.378152 0.619486 0.913439 1.710913 1.909488 115.088715 20.112593 -2.866254 -1.893497 5.959436 
54.000000 0.952123 0.406747 0.588880 1.121498 1.916356 2.114219 112.698586 37.331123 -2.757257 -1.300108 4.522239 
52.000000 0.985125 0.456813 0.567273 1.376928 2.209050 2.366482 116.207611 36.654381 -2.929031 -0.612593 5.184922 
52.000000 0.987756 0.458830 0.558305 1.306363 2.321797 2.508543 154.399719 26.010038 -3.218601 -1.030131 5.206604 
52.666668 0.967146 0.460208 0.537666 1.178977 2.364391 2.558097 142.074097 23.019129 -3.319847 -1.032707 4.789559 
56.000000 0.970851 0.456698 0.533290 1.146780 2.367537 2.518376 95.934425 26.552271 -3.412157 -0.472934 6.239909 
61.333332 0.931677 0.481237 0.592454 1.127211 2.260735 2.401214 91.296585 44.077061 -3.073986 -0.034725 5.296561 
65.333336 0.951227 0.548051 0.670846 1.140429 2.106346 2.251575 91.156754 44.785763 -2.968058 0.269598 5.974700 
67.333336 0.958251 0.595950 0.726297 1.233124 2.008705 2.152433 92.894058 30.569340 -2.979694 0.250157 4.784247 
63.333332 0.890116 0.607581 0.779942 1.135712 1.657937 2.108325 126.400360 26.349083 -2.912373 -0.358119 5.046446 
64.000000 0.608910 0.614836 0.812380 1.149260 1.670241 2.163472 148.866089 57.354431 -2.807358 -0.506749 5.080844 
64.666664 0.570193 0.612615 0.771316 1.325448 1.870909 2.170543 138.182404 64.963127 -2.690326 -0.189681 5.068552 
61.333332 0.590307 0.606199 0.801625 1.254447 1.829369 2.113987 138.501709 39.076294 -2.827045 -0.010284 6.596377 
61.333332 0.585990 0.683594 1.011014 1.295748 1.781670 2.033998 123.985466 40.179768 -2.272167 0.115135 4.868299 
50.666668 0.549523 0.700908 1.201347 1.610455 1.865770 2.236486 112.428848 42.271591 -2.158402 -0.045429 5.388569 
59.333332 0.586193 0.656089 1.247082 1.747202 2.070674 2.523400 130.742599 42.068146 -3.086222 -0.616416 5.777922 
78.000000 0.717066 0.668769 1.207803 1.703648 2.100891 2.548237 120.025604 35.492664 -4.438370 -0.521074 5.089981 
71.333336 0.506278 0.697733 1.238502 1.735526 2.123486 2.573709 99.798676 22.671618 -5.170281 0.078183 6.054241 
70.666664 0.552866 0.573328 1.005396 1.716841 2.039935 2.439947 97.570023 32.997074 -3.962830 0.583057 4.693774 
64.000000 0.748463 0.428088 0.678489 1.662066 1.916370 2.164131 97.503716 85.681541 -2.218295 0.301020 5.296111 
67.333336 0.815825 0.409939 0.609042 1.393454 1.831742 2.054664 107.411057 88.226730 -2.791409 -0.270462 5.099197 
75.333336 0.795045 0.384742 0.586969 1.217131 1.789300 1.978454 120.261688 68.974052 -4.205092 -0.355394 4.854447 
131.333328 0.780698 0.362312 0.599077 1.464530 1.787519 1.924805 114.946831 59.784828 -4.644917 -0.419131 5.279580 
106.666664 0.570609 0.384097 0.806517 1.638623 1.843844 2.055035 96.133591 35.802818 -3.347492 -0.144638 4.757803 
129.333328 0.499931 0.433954 0.817912 1.555121 1.923898 2.089736 88.947464 98.199585 -1.899496 0.257336 5.336846 
90.000000 0.970560 0.442125 0.599559 1.306270 1.994117 2.075280 101.875107 92.926155 -2.079179 0.208799 6.285940 
92.000000 0.963916 0.448888 0.589701 1.123650 2.072760 2.146630 104.084213 27.251926 -2.276835 -0.081601 4.643377 
94.000000 0.955024 0.454043 0.606126 1.083716 2.076636 2.162370 112.920189 20.014763 -2.210620 -0.749450 5.508106 
98.000000 0.903420 0.450548 0.576151 1.173197 2.014471 2.116912 113.291916 24.437876 -2.021451 -1.197925 5.364749 
94.000000 0.552419 0.443492 0.812196 1.663846 2.111266 2.434213 97.064514 50.088478 -2.383401 -0.037414 5.004246 
123.333336 0.503224 0.488600 1.364045 2.078910 2.407194 2.893303 95.901840 49.075874 -3.345266 0.206961 4.735303 
95.333336 0.666443 0.659584 1.723385 2.097332 2.680962 3.002012 88.878708 34.208420 -4.349251 -0.655952 5.089979 
48.666668 0.560943 0.824959 1.848404 2.139283 2.724357 3.011182 87.147179 30.698706 -5.025484 -0.562438 4.435067 
66.000000 0.603907 0.876955 1.912564 2.160036 2.636205 2.995577 103.593140 21.041212 -4.911472 -0.747130 4.670153 
125.333336 0.444238 0.765553 1.791787 2.090277 2.534824 2.860142 111.122307 19.500410 -3.804197 -0.307175 4.563768 
70.000000 0.962687 0.570811 1.164129 1.643328 2.204841 2.400561 105.619041 78.516716 -2.031328 0.824430 4.642821 
66.000000 0.978836 0.505265 0.678404 1.304475 1.922931 2.029180 109.745949 84.345108 -1.210293 -0.436435 5.936513 
64.666664 0.958826 0.500627 0.694781 1.396456 1.895838 1.999090 104.267769 24.332165 -1.861647 -1.146762 5.815784 
59.333332 0.952541 0.465245 0.658989 1.294809 1.840691 1.936286 96.686279 23.800648 -2.058497 -0.361166 5.152687 
53.333332 0.956046 0.428311 0.627876 1.075094 1.780418 1.898428 89.917633 33.888763 -2.098350 -0.039286 5.079192 
48.000000 0.975386 0.389681 0.689526 0.973629 1.771904 1.915310 99.888275 32.505375 -2.561439 0.002953 5.264442 
44.666668 0.968548 0.353080 0.721445 0.969836 1.744797 1.904995 107.653275 25.466827 -2.730251 -0.308791 4.746774 
41.333332 0.937801 0.344697 0.672881 0.916105 1.567434 1.864218 108.712646 33.031364 -3.189380 -0.748187 4.752875 
42.000000 0.696746 0.367661 0.678941 0.903714 1.570545 1.830840 112.812996 62.466358 -2.393593 -1.052104 4.901871 
43.333332 0.745536 0.397163 0.687081 0.945641 1.731508 1.872657 96.749405 60.511871 -0.951930 -0.680164 5.921272 
47.333332 0.760210 0.379877 0.679711 1.019295 1.763250 1.972235 83.076813 35.541943 -0.752625 -0.855310 5.485577 
43.333332 0.627312 0.426746 0.798462 1.215324 1.826575 2.024511 89.129372 31.906796 -1.008547 -1.002636 4.876683 
55.333332 0.542937 0.507505 0.907307 1.392251 1.866153 1.999272 89.344505 30.708618 -1.827408 -0.357633 5.338950 
42.666668 0.723961 0.583993 0.980601 1.473188 1.890414 2.001267 90.596100 24.639889 -2.977292 -0.586898 6.466975 
44.666668 0.696641 0.627870 0.983592 1.571847 1.912274 2.096325 100.658485 22.306923 -2.956345 -0.844814 5.919563 
