42.666668 0.394568 0.319717 0.548102 0.713554 0.961217 1.084130 80.624458 166.960892 0.726920 0.000010 4.199186 
127.333336 0.413499 0.655701 1.126999 1.413198 1.894236 2.149356 160.830917 179.632751 -0.634274 -1.106975 6.001775 
34.000000 0.814020 0.578894 0.988983 1.178716 1.712870 1.953787 128.174179 41.222557 -1.922616 -0.757619 4.936962 
62.000000 0.943162 0.477007 0.801523 1.016625 1.575217 1.712047 98.555771 57.745613 -4.519566 0.179313 5.290342 
30.666666 0.965670 0.473750 0.799447 1.053493 1.636562 1.745277 93.426353 48.330078 -5.135531 -0.270742 4.761919 
30.000000 0.978922 0.473253 0.805454 1.070463 1.689328 1.849824 117.414879 30.306637 -3.401304 -0.634303 4.880405 
30.000000 0.977860 0.456984 0.755858 1.142835 1.692540 1.855838 146.665039 21.350807 -2.284443 -2.056602 5.693906 
30.000000 0.980870 0.439306 0.694620 1.081380 1.633769 1.912460 133.228333 21.503521 -2.582316 -2.525520 4.859637 
29.333334 0.967394 0.439819 0.697075 0.943087 1.467527 2.021091 135.778046 23.663078 -3.582802 -1.468801 4.716295 
30.000000 0.928845 0.444650 0.716033 0.899461 1.413487 1.979250 137.960541 24.428234 -3.998044 -2.592145 5.406596 
29.333334 0.692764 0.496774 0.778654 1.131482 1.589379 1.932366 121.994865 34.958145 -2.806353 -1.984382 4.524234 
46.666668 0.390586 0.564230 0.815533 1.271657 1.680422 1.960458 100.072144 43.011024 -1.265840 0.275282 5.517651 
92.000000 0.615309 0.593485 0.914243 1.366192 1.912976 2.188121 97.479950 48.809826 -1.046126 0.351590 5.238379 
57.333332 0.680067 0.598069 1.167075 1.702449 2.204637 2.502870 100.688950 46.214691 -2.045374 0.137203 6.103214 
48.000000 0.894772 0.528626 0.980305 1.496335 2.161031 2.415583 89.940613 61.297810 -1.977346 0.354638 6.118767 
60.000000 0.788273 0.487999 0.653120 1.235474 2.144521 2.265659 101.527206 69.088936 -1.909235 0.541110 5.227589 
64.000000 0.851784 0.504683 0.631164 1.250126 2.161702 2.255503 101.941589 38.664120 -2.448111 0.139765 5.588507 
69.333336 0.974859 0.504057 0.611797 1.054723 2.110700 2.230783 94.851151 34.232918 -2.495125 -0.017084 4.731044 
71.333336 0.981051 0.500108 0.599040 1.015920 2.119411 2.251344 102.508255 32.643974 -2.851145 -0.693145 5.030205 
72.000000 0.975489 0.491253 0.611214 1.105947 2.161288 2.313123 97.958420 18.492474 -3.090719 -1.330251 4.911156 
72.000000 0.975812 0.483228 0.627349 1.141693 2.210605 2.364809 128.787064 12.827448 -3.170532 -1.996556 6.100944 
71.333336 0.987087 0.478132 0.637999 1.077923 2.192301 2.372866 134.700073 15.521202 -3.235424 -1.695351 5.098875 
68.000000 0.954774 0.472315 0.650383 0.998393 2.089157 2.433748 85.526810 20.349560 -3.857119 -0.494604 4.953756 
61.333332 0.914450 0.453241 0.631941 1.030188 1.801831 2.367629 81.040588 25.844276 -4.066164 -0.081592 5.285137 
54.666668 0.951368 0.437782 0.607342 0.933628 1.548040 2.201937 93.549217 34.199734 -3.295198 0.073867 6.468861 
50.000000 0.955674 0.426039 0.675219 0.836249 1.497316 2.114396 96.694450 34.943218 -2.798926 -0.031517 5.262189 
45.333332 0.926714 0.390193 0.765263 0.898142 1.439669 2.030259 105.539131 31.684362 -2.743660 0.011920 5.015504 
41.333332 0.904755 0.367951 0.719761 0.916971 1.391274 1.939986 107.746452 35.756142 -3.019005 -0.403922 5.782888 
36.666668 0.949292 0.371163 0.634133 0.856783 1.296847 1.914323 106.530022 40.341511 -4.022993 -0.339270 4.721369 
37.333332 0.742751 0.391395 0.633937 0.901613 1.425490 2.026358 107.003616 56.277439 -3.413421 -0.419347 4.927373 
88.000000 0.551383 0.396419 0.659124 0.946888 1.586252 2.163483 101.286392 52.781376 -1.718587 -0.545653 4.955799 
146.000000 0.577382 0.369172 0.678028 0.906337 1.570805 2.204048 96.499298 28.031206 -1.353000 -0.914334 5.539463 
145.333328 0.684829 0.358614 0.667038 0.943683 1.637576 2.193707 97.566177 23.556244 -1.387667 -1.075283 5.550845 
45.333332 0.715981 0.402225 0.729324 1.073142 1.712278 2.204152 91.560738 29.215988 -0.921809 -0.209768 5.044881 
129.333328 0.766851 0.445389 0.799853 1.149079 1.743893 2.204205 81.718788 26.077599 -0.572762 -0.023708 5.636899 
150.666672 0.647911 0.465608 0.840928 1.209048 1.724157 2.208995 83.506859 17.261980 -0.538142 -0.473085 5.431012 
100.000000 0.571418 0.455247 0.828344 1.277224 1.711715 2.170555 99.828888 17.148026 -0.511114 -0.932121 5.404087 
63.333332 0.586160 0.472001 0.876776 1.323798 1.865247 2.202777 103.379478 19.528755 -0.669919 -0.714561 5.980788 
96.000000 0.555063 0.534318 0.905642 1.335567 1.875033 2.228126 76.227180 16.729834 -0.556183 -0.760449 5.323628 
89.333336 0.485092 0.530790 0.852682 1.277283 1.753778 2.210264 79.102249 14.134140 -0.438504 -0.742713 5.959451 
79.333336 0.545471 0.508807 0.884584 1.307934 1.772641 2.160267 79.232674 14.968679 -0.499407 -0.772025 5.538242 
43.333332 0.530725 0.489040 0.850024 1.338871 1.757493 2.140254 67.837463 13.595453 -0.513110 -0.958678 6.077099 
59.333332 0.705901 0.429955 0.669072 1.061313 1.870750 2.326589 90.210129 45.796368 -2.068334 -0.702626 6.339320 
50.666668 0.775827 0.367938 0.530438 0.703982 1.684778 2.415709 89.681274 57.496750 -3.976274 -0.120745 5.150677 
66.000000 0.840872 0.399650 0.592360 0.884758 1.853396 2.425015 87.689766 93.612610 -3.880408 0.610393 4.188657 
68.000000 0.993696 0.473673 0.644297 1.172399 2.293131 2.428070 110.334869 103.286102 -3.479712 0.194780 6.381936 
68.666664 0.963021 0.487342 0.629473 1.067508 2.164537 2.317144 123.580078 34.748409 -3.287886 -0.709182 5.625909 
68.000000 0.924419 0.438663 0.595871 0.916940 1.857695 2.146720 141.199066 27.064026 -2.855515 -0.831227 5.104802 
68.000000 0.972789 0.391665 0.565539 0.866740 1.617917 2.032659 138.614502 35.587738 -2.945003 -1.189670 5.055157 
68.000000 0.973034 0.379916 0.548098 0.839358 1.624987 2.072052 128.243958 24.599529 -3.269599 -2.814450 5.400850 
70.000000 0.863741 0.365945 0.534599 0.846563 1.609112 2.047014 125.316895 25.339800 -2.858669 -2.778367 5.221193 
69.333336 0.798734 0.396079 0.590538 1.170373 1.904094 2.167911 124.375610 58.400764 -2.704991 -0.640501 4.851855 
70.000000 0.992451 0.428037 0.635333 1.443065 2.302675 2.418099 148.104675 54.977928 -3.394962 -0.391256 4.919526 
70.000000 0.973323 0.411682 0.596299 1.374946 2.373733 2.492832 170.019348 24.125053 -3.552877 -1.382505 5.143505 
70.000000 0.971946 0.401686 0.570281 1.306491 2.399423 2.525415 165.299133 18.661808 -3.974216 -1.613525 5.260305 
70.000000 0.987992 0.418990 0.600948 1.365993 2.350349 2.474061 138.212982 24.212883 -4.337549 -1.223388 5.448304 
70.000000 0.958001 0.479046 0.647236 1.400669 2.122072 2.292714 159.443939 37.386280 -3.210226 -0.769953 4.850668 
68.666664 0.954211 0.536815 0.661097 1.184186 1.789566 2.009298 147.519897 40.694633 -2.401869 -0.249580 5.146723 
68.000000 0.900949 0.552876 0.714953 1.030271 1.432892 1.826309 121.345070 39.081028 -2.407499 -1.133193 5.120697 
68.000000 0.956283 0.556765 0.783079 1.026825 1.215393 1.767393 122.521454 30.981268 -2.744387 -1.749480 5.205299 
66.666664 0.962710 0.549071 0.780360 0.984358 1.184211 1.797222 103.158508 21.181326 -3.231672 -1.083333 5.158728 
64.666664 0.934506 0.537227 0.753439 0.947052 1.196822 1.862019 100.239487 18.357235 -3.417820 -1.109890 5.326999 
62.666668 0.928686 0.520775 0.739103 0.932251 1.232413 1.862839 95.182022 17.584419 -3.507437 -1.261107 4.929951 
62.000000 0.952968 0.496150 0.721516 0.923586 1.274524 1.874085 104.498596 13.563131 -3.817087 -1.484960 5.286332 
60.000000 0.954809 0.457839 0.735826 0.973253 1.365228 1.952654 107.464081 22.992195 -4.132183 -1.043876 5.010430 
60.000000 0.965892 0.436578 0.755484 1.023126 1.402669 2.012526 137.153381 21.886183 -4.538107 -1.732135 5.684685 
60.666668 0.977210 0.427292 0.733333 0.989080 1.440777 2.057395 155.152725 10.795711 -4.836022 -2.738415 5.161330 
63.333332 0.936356 0.405631 0.706319 1.004240 1.511953 2.095224 116.559410 17.083019 -4.577271 -1.650820 5.154803 
66.666664 0.910269 0.444198 0.698475 1.067857 1.589066 2.024328 91.479126 29.930389 -2.896683 -0.684210 5.139934 
70.000000 0.974995 0.484954 0.662324 1.092790 1.781945 2.023485 99.240936 31.816284 -2.190979 -0.276586 5.613585 
73.333336 0.981044 0.457648 0.605710 1.058966 2.061272 2.238063 93.491196 32.021660 -3.856771 -0.254189 5.102236 
74.000000 0.986189 0.422172 0.578886 1.046551 2.175308 2.448253 122.433868 30.820202 -5.220912 -0.958575 5.621202 
72.666664 0.958109 0.403682 0.553065 1.004384 2.126794 2.434112 159.177124 26.556526 -4.667451 -1.470532 5.532943 
72.000000 0.793470 0.421191 0.874396 1.487217 2.180995 2.470878 125.241898 36.437294 -3.300894 -1.356324 4.775803 
97.333336 0.615282 0.491675 1.098350 2.033269 2.214388 2.570600 90.787933 31.926031 -2.985554 -0.524040 5.135537 
136.000000 0.524699 0.564826 1.036441 2.019504 2.161695 2.541915 82.111511 21.436035 -2.825624 0.015010 5.787252 
62.666668 0.499959 0.576223 1.218776 2.021204 2.125261 2.492963 83.533081 16.710350 -2.717766 -0.646551 5.611825 
71.333336 0.570707 0.663721 1.495027 2.017817 2.162891 2.510567 96.086746 23.814028 -2.675718 -1.119874 5.341999 
146.666672 0.543207 0.738579 1.589972 2.025771 2.184439 2.579090 105.872459 27.811468 -2.808436 -1.327869 6.020603 
126.666664 0.489832 0.714252 1.598234 2.028640 2.196175 2.607303 89.191681 20.935303 -3.197774 -1.297862 6.033084 
103.333336 0.450084 0.703109 1.644292 2.019471 2.211681 2.582116 77.264854 19.089596 -2.918927 -1.042448 5.872240 
76.000000 0.533492 0.596756 1.226273 1.947571 2.125999 2.517404 79.058945 24.648363 -2.156664 -0.602019 6.522852 
66.000000 0.929856 0.538762 0.784686 1.633970 1.987656 2.267929 86.182121 97.640366 -1.739915 0.092311 5.024388 
72.000000 0.926163 0.587261 0.755526 1.325674 1.918490 2.052682 82.100189 92.025467 -1.697479 0.110130 5.552175 
74.666664 0.955452 0.616576 0.767885 1.214847 1.916219 2.041784 65.387131 20.858536 -1.674917 0.048612 5.122047 
76.000000 0.979140 0.623955 0.788038 1.175869 1.892917 2.034078 76.539474 15.069079 -1.694567 -0.481205 6.494473 
75.333336 0.940501 0.609568 0.801445 1.197478 1.854157 1.994358 101.172295 8.667218 -2.068542 -1.385045 5.499278 
70.000000 0.947766 0.572870 0.772598 1.202300 1.810771 1.930802 90.382660 16.850307 -2.646521 -0.746969 6.399720 
63.333332 0.775912 0.507697 0.718954 1.158006 1.747002 1.870667 82.924393 30.189537 -2.786777 0.084083 5.807642 
53.333332 0.853578 0.436331 0.682095 1.062976 1.699925 1.829067 96.956116 40.090321 -2.408207 0.320155 5.152278 
45.333332 0.916803 0.373512 0.662996 0.947177 1.656437 1.844650 99.178444 35.722881 -2.555837 0.188375 5.066939 
40.000000 0.797983 0.346290 0.617703 0.948653 1.672606 1.899721 100.128670 36.599140 -2.861215 -0.368507 4.690783 
42.000000 0.601903 0.400282 0.660817 1.040881 1.786002 1.940126 96.467484 44.735600 -2.945116 -0.509722 4.395464 
88.666664 0.486907 0.501608 0.783392 1.350198 1.860280 2.093870 95.458878 36.900826 -3.155940 -0.525052 5.717025 
42.000000 0.607202 0.507381 0.946105 1.676253 1.917058 2.313531 93.587784 31.570995 -4.505280 -0.751351 5.170350 
102.666664 0.719393 0.549423 1.228447 1.778160 1.996479 2.475846 88.184433 28.136751 -5.898526 -0.708329 5.891850 
66.666664 0.481890 0.656692 1.523917 1.811724 1.994026 2.449027 85.414825 30.306877 -4.180203 -0.144482 5.200835 
113.333336 0.561931 0.629055 1.430844 1.770516 1.932584 2.261818 81.757980 32.985939 -1.610884 -0.226090 5.299699 
44.666668 0.554261 0.580010 1.092759 1.719690 1.879431 2.261294 100.667282 37.729935 -0.889465 -0.358237 5.242084 
86.666664 0.568023 0.505971 0.804945 1.330039 1.515318 1.979213 106.476028 86.049583 -1.372194 0.102369 4.636019 
74.000000 0.936022 0.433716 0.619188 0.938809 1.338357 1.756555 88.538963 109.567451 -2.162066 -0.028688 4.776519 
80.000000 0.931056 0.442780 0.600654 0.988529 1.568375 1.832432 92.839195 66.566132 -2.627962 -0.168260 4.616078 
84.000000 0.817751 0.441627 0.584059 1.110060 1.642328 1.781768 106.440964 48.593956 -2.152502 -0.443781 5.161832 
80.000000 0.726716 0.428164 0.678494 1.224611 1.612461 1.780652 103.439926 73.445312 -1.255881 -0.191808 4.946491 
62.666668 0.617319 0.494365 0.764197 1.334847 1.681901 1.903759 97.762192 55.677761 -1.258299 -0.615667 5.476053 
48.000000 0.693855 0.560630 0.814527 1.505544 1.810400 2.133572 101.022232 48.461845 -1.763706 -0.519139 4.860316 
70.666664 0.630830 0.537510 0.850115 1.581406 1.792476 2.190515 90.417175 81.803154 -1.654838 0.215427 5.520841 
70.000000 0.572153 0.450832 0.706908 1.164281 1.516019 1.992631 95.499008 76.862236 -2.045296 0.011864 4.575969 
76.000000 0.954664 0.380946 0.579944 0.837876 1.163977 1.528463 106.042328 72.299095 -4.441684 0.126879 4.442717 
76.000000 0.948340 0.397310 0.588023 0.885777 1.156806 1.428440 105.367493 79.041298 -4.992223 -1.796052 5.087630 
74.666664 0.971277 0.424353 0.613531 1.007654 1.517409 1.756718 113.975403 67.296051 -3.235832 -3.249719 4.944324 
73.333336 0.971076 0.445879 0.626601 1.270055 1.912408 2.043174 114.941818 48.120735 -3.250240 -1.903239 4.636408 
66.666664 0.877926 0.447040 0.648113 1.441115 2.126572 2.234630 100.988609 32.763031 -3.888983 -0.467266 4.998211 
66.666664 0.741587 0.431315 0.699911 1.444382 2.074365 2.222625 93.205597 60.854294 -2.808992 -0.485555 5.442930 
72.666664 0.838431 0.421229 0.710709 1.341083 2.003526 2.179831 99.853477 68.238190 -2.629917 -0.586058 5.749193 
48.666668 0.679492 0.451182 0.825873 1.636773 2.142317 2.383434 91.301453 37.923111 -3.012560 0.207364 5.659409 
53.333332 0.641924 0.558068 1.398428 2.025881 2.317556 2.586822 74.691437 39.843918 -2.323908 0.188125 4.898853 
150.666672 0.561145 0.980660 1.699793 1.910902 2.225552 2.494039 77.590950 46.046890 -1.758421 -0.024960 4.907996 
135.333328 0.665559 1.223765 1.486810 1.690348 2.017316 2.317847 95.316162 47.807098 -1.105906 0.170986 5.102105 
67.333336 0.615775 0.909556 1.395491 1.613085 2.022803 2.251089 104.058777 43.740967 -0.672404 -0.071281 5.845090 
72.000000 0.845737 0.555360 1.042072 1.259362 1.686363 2.174695 105.947372 73.855324 -1.061063 0.469292 4.555466 
78.000000 0.941135 0.395580 0.680946 0.933133 1.180792 1.844360 103.505379 76.433258 -2.865453 0.753034 4.486413 
80.000000 0.963623 0.379390 0.630909 0.968133 1.382773 1.781839 103.624283 43.106216 -3.571500 -0.512692 4.599241 
82.000000 0.948128 0.370272 0.589832 1.105656 1.927824 2.120718 115.148460 40.395840 -3.676387 -1.790900 5.493655 
79.333336 0.889515 0.355395 0.598926 1.338863 2.209306 2.341529 126.554810 32.117947 -4.631625 -1.536263 4.945724 
78.666664 0.890076 0.381091 0.581444 1.308347 2.237055 2.350802 132.828430 20.923973 -4.662025 -1.252569 5.854451 
78.000000 0.905834 0.450055 0.570259 1.105167 2.045726 2.182709 130.896515 27.108185 -3.928169 -0.829661 4.902898 
81.333336 0.875134 0.535394 0.651895 1.028502 1.727759 1.968178 124.053375 40.772209 -3.091949 0.181447 4.969637 
83.333336 0.896430 0.596797 0.743053 1.026483 1.403081 1.966122 117.449905 37.987232 -3.234061 -0.050936 5.413063 
84.000000 0.899681 0.618923 0.774124 1.022097 1.201242 2.004307 141.139801 24.021740 -3.959677 -1.197122 5.748177 
82.666664 0.971708 0.634305 0.782978 1.027610 1.168244 1.920770 134.840759 15.601450 -4.238050 -1.611201 5.277801 
80.666664 0.932149 0.639375 0.793814 1.029729 1.194148 1.870329 102.288116 14.797130 -4.542867 -1.269983 5.854107 
80.000000 0.901465 0.637722 0.792512 1.038231 1.242280 1.803695 111.855469 16.877071 -5.091284 -1.328377 5.329171 
78.000000 0.926678 0.625106 0.768819 1.018842 1.280103 1.747717 120.280388 19.815504 -5.607323 -1.620433 7.431041 
74.000000 0.931119 0.579349 0.755839 0.996866 1.340011 1.718587 103.170288 26.361904 -6.017493 -0.826463 4.631998 
66.666664 0.908943 0.559732 0.754942 1.031689 1.476717 1.717401 84.146454 33.522305 -6.376662 0.304156 5.022848 
58.000000 0.878191 0.616223 0.753561 1.195568 1.627233 1.806934 94.425400 43.379356 -5.484860 0.450915 5.209642 
49.333332 0.906960 0.654219 0.776760 1.302814 1.749086 1.906283 98.092049 43.454247 -3.784204 0.522211 5.297719 
42.666668 0.952070 0.628085 0.783118 1.286579 1.805729 1.921960 91.271469 35.990345 -3.089962 0.509143 5.318060 
40.666668 0.724996 0.568609 0.783858 1.237432 1.802598 1.923993 101.101219 33.869019 -2.675942 0.320133 4.970124 
41.333332 0.472631 0.598029 0.889848 1.318071 1.750984 1.888722 98.526543 68.013115 -2.836924 0.311846 4.896166 
42.000000 0.593064 0.643920 0.940838 1.397569 1.718542 1.898950 94.429008 60.706863 -2.977375 -0.031965 5.616279 
62.666668 0.533127 0.637644 0.907124 1.353886 1.715069 1.914135 94.964508 17.908478 -2.943326 -0.884933 5.567404 
70.666664 0.552527 0.648491 0.937532 1.381727 1.714408 1.886786 88.133026 26.405643 -3.231772 -0.792499 6.194473 
77.333336 0.503650 0.670095 0.959608 1.421245 1.710802 1.912880 80.291748 30.373007 -2.918549 -0.554634 5.690902 
122.666664 0.611643 0.709875 1.199474 1.608017 1.840647 2.089895 87.659958 51.316666 -2.384259 -0.103107 5.027756 
84.000000 0.462417 0.835858 1.418694 1.728422 1.978147 2.261289 88.061676 47.499565 -1.614471 -0.299728 6.214332 
149.333328 0.399779 0.964968 1.370813 1.645555 1.896532 2.193458 83.048477 22.102676 -1.335763 -0.870841 5.597775 
56.000000 0.875287 0.782397 1.069669 1.310932 1.738508 1.948907 96.963486 73.018448 -2.225879 0.200432 4.573083 
62.000000 0.986777 0.600723 0.777174 1.093928 1.728055 1.840057 86.767799 91.528122 -2.947460 0.870155 5.161223 
62.666668 0.965452 0.609908 0.751587 1.177669 1.825384 1.932436 69.320892 43.397491 -2.754560 0.303215 4.930969 
64.000000 0.978625 0.590172 0.729126 1.124593 1.837714 1.969825 105.273254 20.636181 -2.497450 -0.865468 5.499720 
65.333336 0.907186 0.558902 0.701637 1.091275 1.814664 1.950468 147.130157 24.098711 -1.892031 -1.449232 5.875699 
65.333336 0.785687 0.550145 0.756935 1.403810 1.801801 2.080727 130.115265 56.267349 -1.191261 -0.573053 5.016383 
63.333332 0.630285 0.589804 0.921806 1.730890 1.860028 2.276598 98.920876 60.021286 -1.380241 0.208973 5.269093 
48.666668 0.629914 0.613003 0.893078 1.729053 1.926827 2.377209 90.664093 32.457703 -1.867907 0.190167 5.018167 
54.666668 0.796945 0.515532 0.701792 1.586444 1.890647 2.283421 98.403625 38.215969 -2.620535 0.589842 5.426372 
50.000000 0.975829 0.439464 0.667141 1.402166 1.797941 2.014570 111.521179 47.027058 -2.706236 -0.761890 5.340623 
48.000000 0.981813 0.430662 0.693664 1.092308 1.744490 1.915109 112.752930 34.883438 -1.588831 -1.997839 4.864502 
46.666668 0.973692 0.381260 0.708623 0.851805 1.629380 1.962740 114.492523 32.182304 -1.569936 -1.300032 5.171799 
45.333332 0.716549 0.414532 0.814721 1.176609 1.742328 2.143712 114.725479 39.962193 -1.737565 -1.620426 5.088949 
51.333332 0.534533 0.532436 1.140028 1.692401 1.978505 2.528721 100.573517 37.419250 -2.704189 -0.528093 4.978687 
44.666668 0.530141 0.598480 1.375504 1.833863 1.943515 2.528291 83.927513 41.425575 -3.830663 0.305404 5.127793 
46.000000 0.766986 0.552257 1.140244 1.713616 1.882483 2.248121 95.612724 58.295513 -2.665716 -0.054564 5.128562 
80.000000 0.562096 0.534691 0.952606 1.633663 1.870794 2.178823 128.476624 48.088524 -1.837345 -0.241475 5.441934 
77.333336 0.393681 0.763869 1.157357 1.651158 1.830098 2.056384 119.582855 72.402000 -2.507582 0.077156 4.984118 
80.666664 0.414630 0.832992 1.328001 1.735571 1.842417 2.031924 94.705399 74.009010 -2.708405 0.362199 5.491168 
46.666668 0.542646 0.582342 1.033033 1.487073 1.894666 2.041960 83.769806 44.095032 -2.307127 0.193821 5.507333 
52.000000 0.947879 0.445825 0.690589 1.065871 1.838942 1.927712 103.591248 54.714439 -2.559727 0.340196 4.888546 
56.000000 0.982035 0.423314 0.616609 0.951197 1.715682 1.896993 115.916061 45.195824 -3.006530 -0.125725 5.312736 
58.000000 0.980105 0.392582 0.579701 0.881441 1.605749 1.872821 107.535507 31.521637 -2.922302 -0.636877 4.897535 
64.666664 0.740608 0.393057 0.616994 1.071364 1.788485 2.046240 102.538757 36.134167 -2.318066 -1.078318 4.821678 
74.666664 0.552390 0.479423 0.731335 1.432770 2.094080 2.328402 94.180611 40.170792 -2.778481 -0.232438 4.923448 
64.666664 0.498515 0.555809 0.922757 1.615744 2.139423 2.431369 94.238480 42.031456 -4.392441 0.136952 5.788458 
75.333336 0.528214 0.573818 1.106869 1.695118 2.142727 2.455997 94.853081 37.984451 -5.285227 -0.516389 5.717256 
49.333332 0.541256 0.588660 1.265716 1.758023 2.197304 2.434355 107.168137 25.809948 -4.802357 -0.429464 5.246680 
54.000000 0.671941 0.630432 1.289181 1.761075 2.162893 2.497385 110.064255 21.394157 -4.648010 -0.381374 5.938861 
62.000000 0.434712 0.665559 1.268587 1.739055 2.084971 2.559078 90.605965 16.488415 -5.395223 -0.522361 5.914733 
50.666668 0.345201 0.610238 1.022498 1.515745 1.896959 2.267705 84.930405 76.512390 -3.555788 -0.287597 5.350547 
70.000000 0.976609 0.565266 0.747973 1.314828 1.734670 1.979410 97.711121 116.103455 -1.296442 0.067400 5.639303 
76.000000 0.950427 0.577332 0.791309 1.321768 1.708541 1.956120 94.714531 54.000561 -1.223297 0.159894 5.061321 
76.666664 0.944652 0.581105 0.822333 1.260261 1.667716 1.911908 84.527802 18.696238 -1.431719 0.044209 5.110128 
79.333336 0.959300 0.592938 0.824169 1.212179 1.638020 1.878120 93.909729 19.250006 -1.664108 -0.375067 5.153025 
81.333336 0.954855 0.585009 0.799258 1.140376 1.582201 1.867573 92.809448 16.651022 -2.077127 -0.769388 5.614407 
83.333336 0.958165 0.564348 0.775117 1.072639 1.547511 1.807560 96.605988 21.035938 -2.776165 -0.742203 4.921458 
83.333336 0.950112 0.542438 0.762233 1.049995 1.522923 1.715806 123.542229 17.702351 -3.579348 -1.084587 5.169677 
82.000000 0.976233 0.525465 0.745677 1.052426 1.489854 1.682075 132.751465 10.957367 -4.230855 -1.975565 5.670421 
80.666664 0.813036 0.521164 0.728433 1.051066 1.483275 1.680054 117.350586 10.780285 -4.587070 -2.056527 5.280812 
79.333336 0.948286 0.508064 0.715103 1.036893 1.480477 1.660724 104.649712 12.661475 -4.992646 -1.268230 4.828960 
77.333336 0.975505 0.498476 0.706503 1.034227 1.518598 1.667547 108.255753 14.424242 -5.335590 -1.322460 5.491117 
74.000000 0.969666 0.496444 0.680275 1.085355 1.618271 1.731037 108.832542 24.615601 -5.477369 -1.214723 4.808609 
70.000000 0.928604 0.481707 0.648263 1.111794 1.700421 1.819080 101.897507 29.145636 -4.814294 -0.504659 5.013360 
62.666668 0.845067 0.445635 0.605955 1.010993 1.628181 1.834294 99.491745 32.883171 -3.703632 0.142086 4.866001 
56.666668 0.930442 0.429759 0.583738 0.897384 1.551073 1.807140 94.194595 33.575912 -3.397921 0.402003 5.014802 
52.666668 0.948057 0.404678 0.606117 0.825852 1.504998 1.845882 85.435043 27.900213 -3.461302 -0.016327 4.798715 
54.000000 0.799130 0.343833 0.617487 0.843008 1.525413 1.854461 99.501175 34.556358 -2.748245 -0.602722 4.819957 
55.333332 0.583406 0.430724 0.858524 1.415478 1.856781 2.260714 121.755844 56.919472 -2.345170 0.045993 4.789218 
110.666664 0.641422 0.574009 1.236643 1.909242 2.206489 2.752752 105.780853 67.388657 -3.225707 0.735355 5.795478 
104.000000 0.588081 0.587529 1.193627 1.760217 2.103931 2.729052 96.210846 56.591434 -2.846623 -0.192296 5.522583 
116.666664 0.463290 0.528849 0.969966 1.615819 1.893388 2.505557 94.464569 42.278198 -2.044557 -0.044047 5.697796 
51.333332 0.482603 0.484600 0.958209 1.596074 1.866980 2.334842 81.907104 24.350555 -1.947680 -0.030532 5.785827 
52.000000 0.519878 0.561373 0.994058 1.465656 1.842888 2.254017 88.747795 19.108154 -1.289674 -0.452034 5.643091 
113.333336 0.548949 0.694183 0.986337 1.287685 1.861336 2.123681 109.141281 23.402988 -0.963303 -0.184981 5.779977 
45.333332 0.543016 0.696523 0.974243 1.182063 1.886372 2.051312 118.533508 20.109392 -0.818111 -0.715528 5.847010 
91.333336 0.470559 0.631397 0.941185 1.312485 1.908993 2.049918 109.016663 17.800026 -0.719418 -0.743712 5.643250 
124.666664 0.553252 0.630260 0.927592 1.484539 1.937298 2.054362 91.623199 18.344929 -0.740078 -0.682435 6.038081 
100.000000 0.530230 0.630998 0.943516 1.438909 1.934935 2.050291 84.761597 14.502954 -1.860467 -1.066650 5.492502 
148.000000 0.494486 0.587199 0.941514 1.412857 1.895269 2.028223 102.854691 16.832451 -1.949388 -0.858623 5.438045 
56.666668 0.496516 0.573758 0.910345 1.434251 1.877063 2.023090 98.672562 18.859921 -0.788758 -0.693437 5.455050 
110.666664 0.501879 0.608660 0.886937 1.419649 1.900877 2.069586 87.031563 16.259188 -0.661078 -0.726562 5.642262 
45.333332 0.555087 0.593996 0.869147 1.439966 1.912970 2.118168 90.487900 14.070805 -0.611792 -0.941338 5.959055 
117.333336 0.576958 0.590951 0.864484 1.414886 1.913349 2.087225 93.735489 10.816205 -0.531998 -1.045367 5.680983 
99.333336 0.601368 0.605466 0.881466 1.297359 1.921567 2.106826 101.372795 9.030210 -0.349981 -1.292884 6.237957 
100.000000 0.621187 0.603435 0.882482 1.287908 1.916241 2.102811 105.410645 9.395845 -0.291719 -1.433353 6.280214 
49.333332 0.504764 0.594667 0.842590 1.302809 1.898646 2.050770 98.471237 15.169334 -0.388078 -0.902190 5.544096 
85.333336 0.485687 0.579948 0.810510 1.288043 1.856413 2.067551 101.380890 19.019062 -0.401918 -0.766838 5.738882 
98.666664 0.562701 0.564755 0.843522 1.259483 1.827613 2.076862 103.431328 19.095322 -0.315459 -0.856120 5.850742 
46.666668 0.580990 0.533768 0.846164 1.268184 1.803901 2.071187 95.809296 19.763191 -0.332116 -0.286070 5.176826 
48.000000 0.613555 0.500458 0.889412 1.334217 1.826582 2.135688 98.185699 21.470419 -0.525787 0.009512 5.444953 
65.333336 0.664130 0.471736 0.908439 1.300839 1.765625 2.178845 96.406479 19.995106 -0.591299 -0.568310 5.513737 
114.000000 0.632386 0.468034 0.886345 1.234927 1.704281 2.156695 92.746902 14.052292 -0.375397 -1.221884 5.797720 
50.000000 0.539199 0.535787 0.912223 1.294255 1.749059 2.135499 99.127289 13.604519 -0.384822 -0.892946 5.574572 
56.666668 0.489880 0.725231 1.172546 1.659209 1.939635 2.239608 89.607071 104.003761 -1.304487 0.225358 5.056269 
60.000000 0.781112 0.647103 0.994121 1.639676 2.122939 2.266420 87.770638 137.331757 -2.681170 1.045653 4.459435 
50.000000 0.989796 0.471474 0.565095 1.239455 2.034602 2.120970 89.796310 78.101837 -3.144421 0.748796 4.747013 
48.000000 0.968947 0.514815 0.604983 1.180813 1.969436 2.062304 83.212738 62.566429 -2.851549 0.001468 4.661767 
47.333332 0.964059 0.539427 0.666849 1.303647 1.914247 1.998783 106.093277 40.355576 -2.797247 -0.463717 4.913896 
50.000000 0.762426 0.504326 0.790218 1.489239 1.870595 2.030147 135.589264 47.174736 -1.851896 -0.780527 5.991774 
50.000000 0.808097 0.506017 1.013426 1.684677 1.922939 2.182765 123.481689 66.031792 -0.955528 -0.413619 5.354758 
24.666666 0.697286 0.538920 1.111660 1.754394 1.949764 2.276577 95.903336 44.226116 -1.181833 -0.055900 6.049101 
24.000000 0.679614 0.535494 0.988916 1.660002 1.971186 2.265608 96.015854 18.843538 -1.311132 -0.233049 5.144402 
23.333334 0.683391 0.561912 1.067416 1.647692 1.973123 2.209894 88.188705 18.217598 -1.109930 -0.216279 5.496458 
54.000000 0.923281 0.555923 1.034382 1.337275 1.642850 2.035560 77.625000 55.231888 -1.688544 0.029785 4.535548 
62.000000 0.923420 0.533378 0.810624 1.006849 1.320930 1.817719 82.267700 62.987526 -3.083996 0.450136 4.779532 
64.000000 0.931414 0.525312 0.753896 1.032972 1.335085 1.761027 90.337990 32.367332 -3.829208 0.468612 5.378679 
66.000000 0.963448 0.505985 0.701837 1.022530 1.422135 1.735469 118.743607 24.741367 -4.284726 -0.674648 4.887415 
66.000000 0.925719 0.499259 0.681280 1.009246 1.517818 1.731221 158.390717 17.100048 -4.463981 -2.562222 7.070353 
65.333336 0.966154 0.502251 0.700578 1.080025 1.623348 1.800237 148.049438 22.603947 -4.158170 -2.826119 5.304988 
63.333332 0.963227 0.496338 0.721740 1.206235 1.730706 1.869958 111.392044 28.292099 -3.578642 -1.653543 4.963137 
59.333332 0.911815 0.482417 0.715267 1.386946 1.782097 1.960217 91.883018 32.814026 -3.143509 -0.600792 4.849587 
56.000000 0.869332 0.466865 0.737294 1.559019 1.795852 2.120691 87.292068 40.952785 -2.522753 -0.239679 5.111413 
61.333332 0.630825 0.511906 0.946167 1.629468 1.827782 2.225932 86.732597 47.243092 -2.465050 -0.518005 7.865135 
112.000000 0.539371 0.591756 1.227814 1.662260 1.835557 2.262865 92.207581 46.053902 -2.222527 -0.314574 5.271132 
64.666664 0.513118 0.606602 1.282259 1.657803 1.845648 2.289268 103.519722 32.414284 -2.117505 -0.491193 5.416277 
62.000000 0.643744 0.590800 1.272761 1.675966 1.878537 2.310041 127.579475 19.545448 -2.899135 -1.071124 6.281382 
118.000000 0.575628 0.590579 1.350000 1.686225 1.896096 2.366429 137.078384 16.777807 -4.146264 -1.376845 6.206542 
41.333332 0.522943 0.535377 1.059292 1.575168 1.827122 2.174293 116.150879 27.641886 -4.577432 -0.778939 5.089428 
148.666672 0.590941 0.518059 0.919010 1.558577 1.750388 2.022630 114.585976 30.453987 -2.781865 -0.152042 5.260116 
54.666668 0.549921 0.587194 1.093443 1.669423 1.757829 2.166605 118.355301 37.810753 -1.807827 0.069902 4.584069 
132.666672 0.575557 0.590472 0.989579 1.648770 1.746707 2.135862 104.629295 37.242065 -2.104252 -0.079559 5.840842 
114.000000 0.593507 0.512019 0.829180 1.519776 1.761699 2.091125 80.382782 22.619352 -2.823553 -0.371109 5.674992 
103.333336 0.583319 0.504063 0.830939 1.459297 1.793740 2.161263 78.103966 18.397341 -2.664025 -0.370542 5.907836 
68.666664 0.450825 0.541763 0.949922 1.473642 1.790914 2.180773 81.308296 21.224916 -1.744917 -0.599581 5.690546 
66.666664 0.611509 0.691359 1.201341 1.670514 1.930023 2.292696 93.241791 78.093796 -1.645388 0.155463 4.847303 
78.000000 0.510361 0.892829 1.374378 1.807408 2.026068 2.350387 100.872604 89.180389 -1.388121 -0.167222 5.967452 
46.666668 0.478952 0.927312 1.267234 1.659706 1.906788 2.176514 91.351578 38.131672 -0.916859 -0.852616 6.753656 
52.000000 0.920384 0.753870 0.999564 1.276498 1.591882 1.877443 86.670731 73.550507 -2.842441 0.210239 5.017170 
52.000000 0.984263 0.603097 0.800442 0.976085 1.378863 1.721226 107.422562 75.824234 -4.945586 0.226093 5.289968 
52.000000 0.901214 0.547819 0.786525 0.953701 1.408881 1.820050 152.335220 29.914146 -3.785321 -1.081062 5.096863 
52.000000 0.951470 0.401610 0.844248 1.088448 1.438209 1.907567 142.364563 46.798977 -2.902207 -0.371853 4.596643 
52.000000 0.910177 0.322839 0.900779 1.214832 1.418430 1.941656 100.273010 44.367504 -4.051283 -0.972427 5.150606 
54.666668 0.918469 0.332359 0.838872 1.144636 1.416284 1.934966 86.872742 20.242199 -4.773706 -2.571915 5.194518 
55.333332 0.951900 0.343919 0.786882 1.104747 1.419951 1.900522 115.483337 15.608133 -4.854670 -2.901587 5.147089 
56.000000 0.975523 0.343818 0.803780 1.112578 1.360428 1.854473 156.501099 13.751934 -4.895117 -2.770697 5.046818 
56.666668 0.917542 0.344046 0.818275 1.115787 1.354646 1.848067 163.859558 14.484119 -4.745007 -2.045061 5.522553 
54.666668 0.827610 0.422828 0.786042 1.041546 1.342741 1.871744 146.402634 35.528427 -3.639753 -1.173894 4.829324 
51.333332 0.907652 0.581834 0.797114 0.981226 1.274804 1.840260 122.242172 56.863091 -3.132864 0.064972 5.691504 
48.666668 0.936493 0.674312 0.839538 1.019478 1.245446 1.772272 105.407333 41.497475 -3.499905 0.302347 4.780600 
46.000000 0.976070 0.657922 0.845407 1.047493 1.223754 1.681466 95.809586 29.930420 -3.320045 0.338879 5.197077 
43.333332 0.973520 0.617318 0.822973 1.044432 1.203288 1.592026 93.043365 31.892323 -3.621719 0.359212 4.958584 
41.333332 0.931423 0.593577 0.758650 0.986424 1.139348 1.609675 105.643333 36.518322 -4.265877 0.054143 5.681449 
40.000000 0.935404 0.534673 0.774669 0.950167 1.055318 1.509423 106.375298 39.812088 -5.188999 -0.188526 4.842371 
38.000000 0.953793 0.452420 0.790772 0.944617 1.084620 1.353682 107.207817 31.429405 -5.089340 -0.411397 4.508955 
37.333332 0.954874 0.413823 0.731040 0.901285 1.176531 1.418427 109.047562 25.040287 -4.164687 -0.379556 4.531196 
36.000000 0.870080 0.401665 0.714841 0.933347 1.237165 1.517886 93.355743 21.906746 -3.559963 -1.163677 4.770748 
40.000000 0.556477 0.548169 0.882278 1.193978 1.508339 1.834944 90.756409 38.184204 -2.956660 -1.122043 4.394485 
39.333332 0.592535 0.662565 0.988251 1.349383 1.814478 2.171041 103.622314 44.041298 -2.928099 -0.415202 6.382088 
84.000000 0.667970 0.562750 0.915387 1.225984 1.793613 2.202538 105.349762 31.704082 -3.927938 -0.723992 7.344581 
40.666668 0.618749 0.608971 0.974615 1.194696 1.784352 2.261986 98.905312 31.665340 -5.012225 -0.413950 5.693285 
58.666668 0.446478 0.764205 1.051985 1.277490 1.916169 2.407695 97.820618 28.939331 -5.482159 -0.435793 5.947306 
70.666664 0.448958 0.770784 1.080550 1.281897 1.967137 2.455878 82.450066 28.635271 -4.466488 -0.878693 6.058281 
76.666664 0.449222 0.799959 1.122959 1.552823 2.033623 2.453368 70.500565 41.966324 -3.740147 -0.108675 4.749305 
78.666664 0.530508 0.639579 0.926925 1.767721 2.100118 2.370971 85.324112 66.482788 -3.385653 0.878745 5.383367 
48.000000 0.992437 0.469909 0.675869 1.582688 2.060918 2.221303 100.473938 81.061905 -2.304632 0.630911 4.976998 
50.000000 0.898846 0.522944 0.636225 1.436579 1.979105 2.094683 105.842697 54.499924 -1.838877 -0.111969 4.807199 
52.000000 0.768892 0.459230 0.777903 1.504863 1.965546 2.131912 108.565201 47.458183 -1.564552 -0.346927 4.895180 
49.333332 0.635361 0.456365 1.128811 1.709643 2.032972 2.287838 99.065186 61.013153 -1.372750 0.278419 4.741140 
49.333332 0.651742 0.546767 1.322620 1.822301 2.025179 2.369992 101.846466 34.401623 -1.214347 -0.103705 7.158361 
49.333332 0.710208 0.574986 1.503091 1.831109 2.038138 2.448771 104.041161 18.369114 -1.267975 -0.633735 5.498998 
31.333334 0.666702 0.645781 1.715762 1.834385 2.194836 2.542750 95.108719 26.208035 -1.571117 -0.339058 5.613147 
50.666668 0.546613 0.687753 1.533300 1.830047 2.188005 2.543707 99.978271 41.021393 -2.206308 -0.481352 5.771945 
46.000000 0.940539 0.510091 0.980355 1.337399 1.898473 2.227499 106.981873 73.292427 -2.067929 0.319403 4.467836 
50.000000 0.988333 0.375264 0.659132 0.881296 1.735694 1.925527 104.236786 67.652740 -1.838033 0.481799 5.129381 
50.666668 0.953136 0.382275 0.665524 0.927911 1.703863 1.862572 107.150375 32.911873 -2.346255 -0.976717 5.099593 
50.666668 0.925562 0.495943 0.757488 1.057814 1.661350 1.806659 133.947662 64.308365 -2.838969 -0.522385 5.370664 
49.333332 0.971604 0.656152 0.917421 1.136766 1.581144 1.772656 130.870270 66.367790 -3.084812 0.207853 4.914135 
47.333332 0.953912 0.693464 0.993247 1.125449 1.461824 1.745468 92.755524 29.936779 -3.337004 -0.003158 4.712420 
44.666668 0.962667 0.656251 1.001738 1.145556 1.384974 1.676602 93.571259 29.767303 -3.741806 0.281046 5.277030 
42.666668 0.952161 0.624990 0.924108 1.138685 1.395848 1.612039 103.302124 27.991081 -3.741982 0.364089 5.508422 
42.000000 0.871655 0.616050 0.844947 1.057117 1.407916 1.714021 97.119743 24.646008 -4.260534 -0.278559 5.027605 
42.666668 0.719211 0.640884 0.915504 1.102217 1.439524 1.832956 103.619102 27.340714 -3.771894 -1.241127 5.805923 
42.666668 0.562912 0.675493 1.030820 1.225623 1.479424 1.719020 102.690605 56.625710 -3.815362 -0.338135 5.482653 
62.666668 0.610178 0.722235 1.053754 1.220999 1.455080 1.612149 113.086548 53.527283 -4.613230 -0.088000 5.253000 
59.333332 0.450792 0.717570 1.049587 1.176893 1.468296 1.630765 130.270447 30.563740 -3.218523 -0.862032 5.789244 
78.666664 0.642251 0.687002 1.086462 1.209157 1.516875 1.729186 120.188889 25.034870 -1.684794 -0.638295 5.982606 
109.333336 0.568576 0.801001 1.168443 1.346578 1.715970 2.097170 97.225739 25.512924 -1.140671 -0.428319 5.521431 
60.000000 0.432563 0.859423 1.252685 1.547926 1.940110 2.301128 86.792892 31.082859 -0.873725 -0.157620 6.382754 
71.333336 0.520925 0.894412 1.299302 1.673683 1.935993 2.211843 85.984207 21.807064 -0.884970 -0.381939 5.773451 
44.000000 0.983421 0.760690 1.049329 1.301340 1.562743 1.965141 81.594360 63.164524 -2.536720 0.264792 4.432299 
50.000000 0.925616 0.580685 0.804213 0.934374 1.280382 1.773715 84.438087 83.005379 -4.095021 0.761619 5.286597 
50.000000 0.898372 0.575770 0.780327 0.932300 1.300011 1.847230 92.382507 45.136909 -3.792678 0.393858 5.043975 
52.666668 0.901969 0.427401 0.816963 0.996324 1.358399 1.936824 100.300789 54.077110 -3.845841 0.729830 4.993093 
54.000000 0.964179 0.329435 0.884220 1.072651 1.485347 1.990875 105.285133 44.383545 -4.398219 -0.848126 5.246597 
54.000000 0.898302 0.355440 0.854604 1.032854 1.439624 1.903704 114.420242 17.843727 -4.604603 -2.501783 5.085816 
49.333332 0.588854 0.414837 0.807905 1.002052 1.340287 1.838032 121.462784 33.195221 -3.736344 -1.704717 5.622533 
55.333332 0.654583 0.501039 0.780872 1.026616 1.346789 1.881922 109.671295 38.182457 -2.473132 -0.363091 6.054447 
63.333332 0.574658 0.594123 0.748630 1.027648 1.248284 1.708384 101.621918 47.433098 -3.445827 0.436593 4.650845 
52.000000 0.574143 0.647995 0.756031 1.002886 1.117859 1.626223 109.140907 46.780151 -4.631807 -0.164125 5.343449 
99.333336 0.624392 0.637597 0.768648 1.001030 1.121749 1.729651 107.257187 22.905418 -4.048323 -1.079466 5.029787 
80.666664 0.529520 0.637629 0.787958 0.995585 1.177199 1.775980 103.743164 22.584295 -3.885091 -0.971710 5.526773 
54.000000 0.799410 0.623995 0.761741 0.943188 1.141079 1.868899 94.858894 50.283482 -4.097431 -0.746181 5.061823 
50.000000 0.906545 0.621611 0.720929 0.885559 1.107239 1.866071 96.142433 77.015617 -4.174685 -0.114531 5.395652 
50.000000 0.956614 0.633684 0.768604 0.884860 1.171592 1.855444 101.036110 59.083012 -4.099276 0.488514 4.879189 
46.000000 0.962637 0.601570 0.799653 0.892613 1.165240 1.920511 95.434555 33.500622 -4.076527 0.423775 5.395468 
42.000000 0.961126 0.582134 0.758208 0.894578 1.126507 1.850933 99.173111 31.297804 -4.550150 0.579607 5.305840 
39.333332 0.967257 0.602894 0.701976 0.893465 1.108334 1.668726 103.921982 31.957653 -5.238104 0.536355 4.798202 
38.000000 0.986205 0.618982 0.690202 0.875478 1.076075 1.540464 98.877869 27.409435 -5.989164 -0.424934 4.466900 
38.000000 0.993004 0.622967 0.688337 0.874877 1.054649 1.485611 128.485931 19.431820 -6.248329 -2.272400 5.727411 
38.000000 0.971157 0.624185 0.691267 0.884634 1.063618 1.524139 145.587311 18.410707 -6.293680 -2.878679 4.918709 
39.333332 0.961245 0.613201 0.681413 0.864486 1.056823 1.579092 112.674812 23.433342 -6.480279 -1.845071 4.431500 
42.000000 0.966995 0.581294 0.655231 0.836237 1.012857 1.555295 107.396408 26.760181 -6.692809 -0.472921 4.205749 
50.000000 0.789319 0.497234 0.665926 0.839901 1.054450 1.581284 108.942490 43.092915 -5.240969 0.110325 4.302789 
54.666668 0.709947 0.486021 0.679547 0.825662 1.072970 1.613613 107.065765 52.086010 -4.355962 0.360954 4.364388 
62.666668 0.854911 0.509303 0.667164 0.958684 1.344364 1.678077 106.288643 56.790482 -3.331355 0.320284 5.325233 
72.000000 0.973635 0.469477 0.650765 1.161741 1.745847 1.850579 96.530807 70.722015 -1.533806 0.125109 5.993039 
76.000000 0.948721 0.433554 0.615826 1.259425 2.000823 2.108094 90.483070 59.138054 -2.205259 -0.047252 4.762245 
74.000000 0.789629 0.405021 0.601293 1.297828 2.244275 2.339068 95.831436 34.790474 -3.398737 -0.932179 5.862712 
74.666664 0.743117 0.408255 0.596321 1.321417 2.245824 2.348310 92.363022 21.392231 -3.617228 -1.377118 5.232356 
74.666664 0.953719 0.456625 0.590204 1.186239 2.017982 2.129448 89.537941 27.243715 -3.103363 -0.729161 4.698887 
74.000000 0.913156 0.515859 0.649127 1.053635 1.703274 1.896253 136.529282 41.761276 -2.589958 -0.742042 4.925681 
75.333336 0.962363 0.575220 0.743230 1.059011 1.446984 1.866484 140.946289 42.903244 -2.600180 -0.492970 4.799088 
76.000000 0.982767 0.629374 0.786069 1.015702 1.309651 1.833818 122.398354 27.386263 -3.290010 -0.496817 5.415669 
76.000000 0.887261 0.646017 0.783272 1.022313 1.267405 1.826218 154.488617 13.441005 -3.828342 -2.489334 5.730564 
76.000000 0.875786 0.651693 0.784876 1.056669 1.319399 1.828517 160.397156 14.348352 -3.830124 -2.398996 5.209320 
76.000000 0.972341 0.633795 0.786764 1.055241 1.406064 1.759626 163.981232 17.487671 -3.819949 -1.085976 5.448102 
76.000000 0.936522 0.575352 0.780441 1.040508 1.479507 1.737870 170.692535 21.706123 -4.142290 -0.810694 5.883516 
73.333336 0.814248 0.513599 0.732144 1.017575 1.536518 1.752059 133.469818 32.877739 -4.202966 -0.355266 5.550169 
75.333336 0.700828 0.574648 0.839055 1.179580 1.651585 1.955724 94.289230 53.735569 -2.677690 -0.081963 5.032147 
76.000000 0.619649 0.671453 1.031829 1.380274 1.674221 1.975087 98.216621 60.821079 -1.824802 0.201756 5.304763 
166.000000 0.546156 0.721159 1.105190 1.415637 1.619658 1.833789 112.844238 42.277649 -1.798654 -0.147649 5.497351 
70.000000 0.503818 0.728971 1.200021 1.495538 1.766811 2.055070 117.346237 30.386312 -2.109263 -0.567073 5.262075 
51.333332 0.553784 0.697900 1.286214 1.590718 1.896583 2.411577 119.649887 28.031223 -3.767567 -0.426380 5.565613 
62.666668 0.492145 0.744401 1.355096 1.727619 2.021478 2.492116 103.654396 29.426716 -4.189972 -0.096947 5.417653 
55.333332 0.550710 0.808033 1.499036 1.878495 2.124860 2.498343 82.024200 28.456848 -4.117500 -0.014759 5.354822 
99.333336 0.550204 0.643179 1.149809 1.811348 2.003696 2.453963 78.729401 41.681942 -3.499856 0.303974 4.713695 
76.000000 0.938597 0.472335 0.677791 1.668183 1.859869 2.255292 86.533386 70.914734 -1.713245 0.463219 5.386178 
80.000000 0.953773 0.463353 0.649867 1.550469 1.803791 2.102678 82.146362 51.250305 -0.817617 -0.260293 5.240994 
79.333336 0.958321 0.433418 0.614344 1.249458 1.799365 2.000170 82.962097 29.014050 -1.176087 -1.128879 5.136705 
80.666664 0.923566 0.439865 0.599156 1.113802 1.832009 1.957084 105.783195 30.802631 -1.954017 -1.776268 5.660452 
77.333336 0.848974 0.434497 0.596588 1.139478 1.856911 2.021617 116.187759 34.772640 -1.873631 -1.803743 5.564759 
67.333336 0.634463 0.433125 0.622138 1.281193 1.858216 2.066067 95.673721 56.176796 -1.446947 -1.113642 4.869390 
64.000000 0.534662 0.527073 0.850458 1.268524 1.767602 2.021870 84.143738 60.889900 -1.653133 0.004722 5.695329 
72.666664 0.529294 0.684910 1.023855 1.082004 1.531498 1.982444 94.278961 51.194508 -2.518124 0.199519 4.825180 
66.666664 0.594473 0.806304 1.016365 1.143756 1.653713 2.063978 100.463058 40.497875 -2.412213 -0.098189 5.086264 
148.000000 0.510593 0.832505 1.032015 1.248750 1.909364 2.166871 100.281845 31.724323 -1.404086 -0.430919 7.903120 
155.333328 0.499747 0.858358 1.061642 1.282410 1.892963 2.097957 96.264206 23.493219 -1.270420 -0.660681 5.334454 
52.000000 0.490984 0.791264 1.046103 1.239916 1.799778 1.995639 103.679031 25.305433 -1.211522 -0.707218 5.771581 
46.000000 0.986581 0.640854 0.904246 1.102141 1.649770 1.826379 100.856697 98.459450 -3.230697 -0.038549 4.618160 
46.000000 0.935113 0.661302 0.830356 1.082585 1.587383 1.718076 108.539932 107.018623 -5.022871 0.228666 4.998687 
46.000000 0.965905 0.736511 0.859344 1.178258 1.585703 1.764392 146.003769 31.425484 -4.442081 -1.405167 5.637367 
46.000000 0.956093 0.748471 0.864328 1.180837 1.596394 1.805877 149.046555 14.740492 -4.070543 -1.573298 4.921478 
44.666668 0.933576 0.768566 0.877442 1.198956 1.625706 1.833801 138.821930 16.681330 -3.708286 -1.094237 8.970847 
45.333332 0.924768 0.771792 0.881225 1.183630 1.656874 1.848847 158.865143 15.128230 -3.488873 -2.156002 5.599459 
46.000000 0.851522 0.738590 0.905328 1.132585 1.603235 1.823716 178.861053 16.984642 -3.028885 -1.862691 5.324271 
46.000000 0.982792 0.725068 0.926177 1.130726 1.542289 1.784550 172.599731 20.431812 -2.780119 -1.323545 6.333435 
47.333332 0.945172 0.693024 0.920530 1.126029 1.538630 1.736177 164.797791 21.947361 -3.106703 -1.467717 5.305674 
46.666668 0.785871 0.649201 0.943132 1.226872 1.635642 1.907181 154.051804 56.489693 -1.841153 -0.701244 5.401385 
46.000000 0.907315 0.596855 1.036178 1.390274 1.687420 2.087173 123.916031 64.587601 -0.499476 -0.125074 5.171444 
48.000000 0.588732 0.670014 1.184300 1.561188 1.791815 2.124802 118.094757 39.939636 -0.592216 0.142659 4.961615 
47.333332 0.412417 0.895210 1.250230 1.719538 2.024326 2.354650 112.202408 37.659096 -1.369907 0.197611 5.143928 
62.666668 0.576868 0.974246 1.252718 1.633570 1.904500 2.392289 101.082314 47.899475 -1.512343 0.016086 5.307757 
46.666668 0.737592 0.936502 1.216654 1.471166 1.752937 2.186305 123.723450 54.523552 -0.789498 0.007105 5.551038 
46.000000 0.661829 0.970623 1.149348 1.382653 1.775460 2.207685 131.341309 40.080315 -0.856662 0.024181 5.230401 
46.000000 0.672328 1.032048 1.184684 1.435483 1.926202 2.397666 107.721817 26.507832 -1.186389 -0.057266 5.397208 
46.000000 0.670575 1.005533 1.204810 1.601098 2.125719 2.614922 107.132950 19.455666 -2.323716 -0.221045 5.614767 
46.000000 0.482423 0.954096 1.230274 1.802121 2.169297 2.673316 128.272949 18.445473 -3.896049 -0.681477 5.538531 
46.666668 0.508911 0.903190 1.381386 1.979440 2.254504 2.835393 118.231476 28.345360 -5.069375 -0.889155 5.147014 
67.333336 0.418332 1.010468 1.625646 1.992387 2.365294 2.861274 92.895187 40.751884 -4.189898 -0.649908 4.929226 
83.333336 0.594484 1.064326 1.720163 1.887075 2.296110 2.493458 97.574722 37.920471 -2.097398 -0.232043 5.075148 
114.666664 0.473577 0.898268 1.457454 1.812115 2.165120 2.379826 98.087158 45.750191 -1.242058 -0.523919 6.324613 
56.666668 0.603221 0.611780 0.928158 1.351843 1.961093 2.314988 93.513672 71.162148 -2.006557 0.003834 4.334884 
66.000000 0.907537 0.413657 0.609948 0.849913 1.421958 2.054211 106.227318 67.101067 -2.965994 -0.081306 6.431556 
62.000000 0.892356 0.442604 0.669655 0.901295 1.189157 1.749841 114.368561 60.453735 -3.382872 -1.502186 4.432889 
58.000000 0.917391 0.484706 0.731846 1.098846 1.437859 1.633469 107.713295 71.831329 -5.217239 -0.504555 4.454944 
54.666668 0.893104 0.568532 0.749164 1.171886 1.615478 1.711004 94.077286 59.412270 -6.168159 0.533215 4.893185 
49.333332 0.943368 0.612112 0.792529 1.190367 1.657968 1.763257 84.617004 41.947052 -5.050344 0.106923 6.312874 
44.666668 0.854424 0.584703 0.768868 1.202840 1.627824 1.764802 96.554451 37.843102 -4.729959 0.023097 4.905736 
46.000000 0.587386 0.616745 0.828717 1.293835 1.623499 1.745737 105.708397 71.885925 -5.327307 0.402569 5.219183 
38.000000 0.549735 0.649849 0.979617 1.363259 1.613693 1.726933 100.899002 67.424812 -5.324592 -0.097814 5.101044 
74.666664 0.638949 0.596644 0.973012 1.307179 1.598141 1.701097 113.653038 27.126328 -5.277957 -0.709143 5.244103 
82.666664 0.659201 0.597531 1.046367 1.469355 1.726297 1.904593 113.343597 37.868401 -3.332848 -0.471032 5.036784 
42.000000 0.931908 0.542528 0.946441 1.365637 1.668527 1.906955 89.249031 54.308670 -1.793780 0.346436 5.547379 
44.000000 0.958025 0.494812 0.741136 1.228888 1.580713 1.753360 107.322357 64.884933 -3.614663 0.578346 4.704786 
46.666668 0.949341 0.528820 0.723322 1.396260 1.732262 1.878871 119.100571 50.717857 -3.843298 0.356331 4.761530 
53.333332 0.887719 0.485750 0.744137 1.544857 1.818249 2.113612 85.630249 40.455276 -2.369934 0.444153 5.150334 
58.666668 0.805863 0.453560 0.915838 1.608470 1.832874 2.254504 81.165298 51.873703 -1.723063 0.318493 5.466250 
58.000000 0.760841 0.434103 0.935782 1.584341 1.823305 2.259058 108.594627 45.644814 -1.832417 -0.373239 5.525244 
55.333332 0.831778 0.427707 0.733394 1.619357 1.800121 2.132650 107.904144 26.733494 -2.734966 -0.546507 5.029018 
58.000000 0.931981 0.476431 0.651035 1.433802 1.780481 1.917950 95.728470 39.825283 -2.484289 -0.693087 5.226516 
60.000000 0.930008 0.539586 0.682753 1.271126 1.810179 1.876102 102.863174 54.648727 -1.821442 -0.518375 4.664504 
61.333332 0.930517 0.563147 0.716109 1.295780 1.839955 1.900711 125.780273 31.343853 -1.814770 -0.194614 5.585245 
62.000000 0.976304 0.557859 0.727747 1.296022 1.861305 1.941326 140.143860 14.423321 -1.729031 -1.138726 5.317520 
63.333332 0.931704 0.510447 0.688885 1.190130 1.870909 1.972919 131.589264 22.452717 -2.068580 -1.396642 5.456944 
62.666668 0.719193 0.445176 0.625873 1.055696 1.811946 1.945272 121.367035 53.121445 -1.866314 -0.564807 4.936132 
76.000000 0.575331 0.499264 0.660506 1.266812 1.797829 1.939584 104.113182 62.277847 -1.463405 0.365974 4.397139 
40.666668 0.565117 0.582085 0.799518 1.686458 1.958978 2.257993 103.840164 48.251465 -2.309326 0.467263 5.522153 
74.666664 0.663307 0.530719 0.788377 1.808398 2.089455 2.474248 95.690277 43.576027 -2.669789 0.071523 5.475848 
58.000000 0.973913 0.460464 0.623290 1.571695 2.088526 2.285300 83.072060 56.579052 -2.330754 0.071487 5.187259 
60.000000 0.967157 0.443851 0.542028 1.460629 2.074367 2.166780 84.123352 48.780689 -2.892921 -0.160381 4.894284 
64.000000 0.925141 0.435422 0.558085 1.431359 2.057993 2.137771 89.662750 29.196768 -2.737107 -0.396402 4.849770 
71.333336 0.811789 0.415865 0.593981 1.374420 2.056250 2.156678 98.498779 51.500786 -2.987015 0.065163 5.269350 
63.333332 0.635498 0.433330 0.758121 1.662065 2.090122 2.315984 89.393372 53.261696 -3.374681 0.218949 5.492879 
57.333332 0.714570 0.438429 0.720384 1.884642 2.131416 2.399283 85.203217 37.510582 -3.819626 -0.440228 6.514599 
28.666666 0.722061 0.428150 0.556406 1.613152 2.119776 2.261268 87.461746 40.369392 -3.935512 -1.103199 4.676563 
28.000000 0.657216 0.465188 0.565250 1.249227 2.084405 2.200199 104.958191 37.963112 -3.372085 -0.640814 4.789413 
90.000000 0.701881 0.476282 0.624804 1.226048 2.004443 2.198397 106.672668 31.947422 -3.611664 -0.447238 5.464322 
100.666664 0.580515 0.482901 0.754031 1.383028 1.963544 2.226536 100.053406 29.298258 -2.875219 -0.628247 4.682373 
90.000000 0.539798 0.487921 0.748955 1.529006 2.184928 2.369771 119.873230 43.376781 -3.494933 0.187008 4.612482 
68.000000 0.950549 0.471951 0.650675 1.286794 2.250269 2.345371 102.232849 90.427956 -4.157028 0.782691 4.810812 
64.000000 0.945418 0.459248 0.626293 1.107998 2.101877 2.226203 89.603767 88.342339 -3.446494 0.053624 4.999239 
62.000000 0.943237 0.459098 0.636208 1.193019 2.039981 2.170609 109.049942 34.899090 -3.398510 -1.024707 6.186080 
59.333332 0.940753 0.438511 0.618577 1.067949 1.831582 2.018864 117.294777 35.031788 -3.079965 -0.498333 4.812137 
57.333332 0.968020 0.399821 0.601584 0.981662 1.672504 1.910946 125.026093 35.512306 -2.873041 -0.959516 5.513361 
55.333332 0.946707 0.364513 0.613753 0.921866 1.701881 1.949116 116.432526 20.497635 -2.603506 -2.120030 4.748963 
53.333332 0.925687 0.400854 0.595798 1.168427 1.936702 2.134099 99.899521 38.997059 -2.510503 -1.122007 4.600750 
52.000000 0.988306 0.456838 0.565588 1.380359 2.231863 2.356625 119.730049 37.281960 -3.028656 -0.761313 5.770485 
52.000000 0.982334 0.456594 0.554776 1.218039 2.331745 2.488885 157.512726 23.780148 -3.297001 -1.345936 5.987255 
54.000000 0.979640 0.459424 0.534397 1.117732 2.376198 2.548374 138.275238 24.581018 -3.358236 -1.278397 4.963255 
56.000000 0.956297 0.460403 0.537546 1.104831 2.380678 2.511524 97.155945 35.787945 -3.416662 -0.738485 5.287835 
61.333332 0.919977 0.487660 0.603064 1.120853 2.228242 2.381661 89.407181 49.170605 -2.991302 -0.358973 5.016694 
64.666664 0.970976 0.549294 0.671303 1.186286 2.062246 2.231893 92.319191 43.546333 -2.874966 0.061712 4.843736 
66.666664 0.963973 0.597131 0.725889 1.218616 1.991214 2.126632 89.136955 31.311947 -3.008678 0.203152 4.875508 
64.666664 0.844518 0.607403 0.764201 1.082267 1.750228 2.089057 115.524719 28.414829 -2.877831 -0.625870 5.419685 
64.000000 0.682241 0.625224 0.843560 1.149776 1.734632 2.146841 116.370300 53.942741 -2.744004 -0.537657 6.466820 
78.000000 0.641571 0.632763 0.849183 1.380936 1.851304 2.144540 97.014351 61.621849 -2.822653 -0.117432 5.497165 
61.333332 0.580666 0.616210 0.848415 1.336863 1.857774 2.119344 101.243271 37.267437 -3.086591 -0.447535 5.454847 
48.666668 0.533056 0.684974 1.070656 1.366770 1.814249 2.044302 89.706024 37.106461 -2.148394 -0.054005 4.960409 
61.333332 0.562236 0.710565 1.289312 1.612432 1.877861 2.201001 89.987755 35.622841 -2.071780 0.004871 5.809482 
51.333332 0.627362 0.660763 1.264480 1.717598 2.054016 2.482779 109.182808 37.252899 -3.441772 -0.362086 5.642272 
63.333332 0.588961 0.652016 1.144630 1.687401 2.076684 2.540327 119.977325 37.967007 -4.575109 -0.286795 5.191643 
82.666664 0.507343 0.692139 1.197880 1.748762 2.104786 2.590013 108.746750 23.221684 -5.205709 -0.169784 6.074714 
44.666668 0.553226 0.561150 0.992803 1.741116 2.031417 2.482090 86.812973 32.741096 -4.048420 0.468241 4.465717 
64.000000 0.750694 0.413508 0.674698 1.662869 1.909776 2.178548 84.835922 87.253998 -2.259508 0.616156 5.130149 
66.666664 0.794049 0.404150 0.618797 1.409755 1.839179 1.991875 91.483994 92.425385 -2.627344 -0.036795 5.698858 
77.333336 0.732832 0.368322 0.585598 1.170803 1.809880 1.938837 80.489838 69.079277 -4.083375 -0.365628 5.007150 
148.000000 0.645673 0.365147 0.590300 1.368091 1.794363 1.923157 78.102737 54.828911 -4.677497 -0.555547 5.015610 
58.000000 0.536642 0.429419 0.807019 1.538816 1.821131 2.071425 84.757774 33.952999 -3.076797 -0.616135 4.871803 
78.000000 0.716164 0.467145 0.812079 1.462643 1.886273 2.100601 79.315697 102.021767 -1.595483 -0.109761 5.403337 
118.000000 0.826323 0.443153 0.601568 1.297193 1.975218 2.057602 84.186264 96.412445 -2.036610 -0.030528 5.169411 
91.333336 0.923260 0.452884 0.597919 1.191585 2.059051 2.136802 93.036148 24.317728 -2.413832 -0.324900 5.446533 
94.000000 0.949753 0.459344 0.605113 1.196590 2.057752 2.131297 81.171005 16.276638 -2.477788 -0.853033 5.304555 
96.666664 0.726324 0.457023 0.579472 1.203699 2.003253 2.089330 76.024200 26.208607 -2.067426 -1.219448 5.521850 
82.000000 0.590743 0.456418 0.799788 1.606865 2.095461 2.420372 86.087608 53.004623 -2.171032 -0.031851 5.686355 
87.333336 0.601090 0.503602 1.366847 2.035060 2.403841 2.854706 98.576637 47.557999 -3.254717 0.206958 4.712029 
124.666664 0.497231 0.707934 1.736339 2.123713 2.693009 2.981529 93.918571 33.248310 -4.520130 -0.586249 4.793574 
84.000000 0.611945 0.894012 1.837542 2.202478 2.750772 3.017809 84.420670 28.579689 -5.326523 -0.636754 4.636074 
46.000000 0.598480 0.910789 1.890415 2.190415 2.682040 3.006858 95.744995 17.751497 -5.204386 -1.104908 5.254464 
56.000000 0.493851 0.761831 1.775174 2.086034 2.517701 2.860523 102.916092 20.210146 -3.893884 -0.781685 4.384770 
70.000000 0.938925 0.559845 1.176543 1.635725 2.152358 2.388336 83.123810 82.758659 -1.861873 0.589094 6.130256 
66.000000 0.979442 0.504137 0.692503 1.298558 1.906140 2.022804 90.861145 87.112823 -1.108679 -0.071980 5.719718 
64.000000 0.968995 0.499989 0.709673 1.414339 1.884123 1.986694 96.728836 24.900255 -1.930857 -0.774814 4.947250 
59.333332 0.883629 0.474113 0.674038 1.312258 1.832465 1.929040 89.867874 27.556784 -2.163036 -0.215791 5.041325 
53.333332 0.959281 0.434017 0.629308 1.060189 1.778784 1.885291 95.968521 34.234200 -2.246248 0.137800 5.000024 
48.000000 0.967613 0.385702 0.689884 0.946302 1.783732 1.887523 90.700577 29.059006 -2.616729 0.034536 4.951102 
44.666668 0.967383 0.348217 0.741566 0.944324 1.751313 1.890510 91.169693 26.957863 -2.565761 -0.320001 5.311913 
42.666668 0.924544 0.338605 0.675400 0.931092 1.606884 1.867644 102.341949 32.585068 -2.979592 -0.944756 5.036582 
45.333332 0.557648 0.412368 0.679425 0.952559 1.603068 1.860182 107.937927 61.720200 -1.998903 -1.471177 5.004983 
50.000000 0.615159 0.448236 0.692373 0.962142 1.721316 1.918703 98.432663 58.013470 -0.797610 -0.780506 5.569338 
93.333336 0.651199 0.383070 0.691918 1.035033 1.758039 1.983751 82.261826 31.336803 -0.809062 -0.356990 5.406259 
48.666668 0.539609 0.427141 0.830994 1.229508 1.812436 2.011138 82.560440 29.928377 -0.826763 -0.315165 4.556798 
45.333332 0.581391 0.522425 0.909228 1.374449 1.861754 2.012063 94.653732 25.425282 -1.700281 -0.379963 5.844130 
42.666668 0.605941 0.570894 0.951891 1.487700 1.890635 2.037538 103.268555 20.320431 -2.812990 -0.853158 6.104801 
56.000000 0.531836 0.638122 1.025458 1.547323 1.918388 2.118340 109.024368 18.300167 -2.804029 -0.950143 5.321537 
