0.343382 0.698394 0.267908 0.338867 0.321003 0.075720 0.743599 0.419754 0.759593 0.268429 0.370850 0.766626
0.830090 0.426141 0.575085 0.104631 0.388140 0.316755 0.656435 0.819825 0.132604 0.366966 0.018039 0.581696
0.360086 0.339987 0.368136 0.519702 0.542259 0.938052 0.671570 0.531496 0.276274 0.013524 0.467238 0.742900
0.807253 0.031920 0.262673 0.896743 0.849021 0.343370 0.212400 0.737754 0.301159 0.186027 0.645077 0.789635
0.060364 0.891265 0.890116 0.864845 0.007966 0.815625 0.517127 0.105189 0.266591 0.995101 0.601696 0.383256
0.703613 0.840970 0.008033 0.482074 0.925692 0.527093 0.418144 0.057916 0.571669 0.597215 0.276630 0.331007
0.086321 0.080854 0.149434 0.444773 0.522852 0.240223 0.703975 0.717676 0.906206 0.310930 0.495337 0.840868
0.452972 0.294016 0.119858 0.379433 0.134193 0.757700 0.245805 0.048523 0.005049 0.964613 0.911210 0.737162
0.642164 0.197888 0.284290 0.753271 0.941860 0.887676 0.112128 0.822356 0.391511 0.742831 0.944433 0.649154
0.343300 0.032900 0.356998 0.825002 0.268519 0.525546 0.984015 0.162582 0.115441 0.326200 0.426362 0.342185
0.859351 0.106650 0.220098 0.438491 0.756583 0.538041 0.647282 0.316814 0.965078 0.265955 0.911850 0.170967
0.985887 0.374885 0.916836 0.271515 0.168549 0.062962 0.789172 0.374053 0.897926 0.962217 0.777353 0.301815
0.626120 0.485090 0.554435 0.123002 0.808842 0.177315 0.020958 0.190561 0.792674 0.685162 0.388019 0.651545
0.314725 0.794644 0.642088 0.108008 0.637240 0.732372 0.208578 0.963027 0.594752 0.260119 0.844850 0.138053
0.878550 0.671617 0.618360 0.127991 0.703578 0.776310 0.531508 0.040574 0.451474 0.419585 0.019107 0.527371
0.605242 0.176625 0.266934 0.270018 0.583092 0.475339 0.404915 0.527285 0.943394 0.790365 0.127483 0.272154
0.862139 0.826092 0.705666 0.704537 0.165718 0.201268 0.390833 0.501565 0.291620 0.050745 0.066999 0.880030
0.412208 0.615789 0.416328 0.721985 0.197165 0.600189 0.709818 0.852388 0.283973 0.947634 0.786575 0.248839
0.218681 0.987838 0.116293 0.465533 0.889879 0.197501 0.877794 0.165651 0.087040 0.790604 0.357450 0.124762
0.584238 0.319921 0.363835 0.555109 0.718813 0.789363 0.406224 0.527684 0.632497 0.650008 0.282046 0.338865
0.499713 0.376310 0.984714 0.158943 0.366504 0.002136 0.034218 0.216254 0.751031 0.538313 0.966908 0.368594
0.820019 0.197188 0.227045 0.887436 0.569625 0.027838 0.563151 0.598138 0.991924 0.276432 0.924171 0.631824
0.711432 0.419422 0.581288 0.421116 0.318620 0.152958 0.181144 0.110777 0.752813 0.714075 0.938002 0.176162
0.889475 0.992902 0.146212 0.303239 0.562901 0.961484 0.263780 0.858617 0.887302 0.757929 0.903689 0.656317
0.542326 0.056262 0.385470 0.864807 0.009404 0.477037 0.687298 0.198509 0.164290 0.629318 0.358551 0.269826
0.663302 0.423675 0.468425 0.028240 0.548438 0.933203 0.156042 0.798007 0.784254 0.785096 0.980859 0.419584
0.734909 0.457634 0.994969 0.218280 0.744419 0.176774 0.474314 0.740353 0.700985 0.929477 0.739298 0.955328
0.119659 0.904249 0.927763 0.815125 0.967830 0.991579 0.676205 0.518120 0.470993 0.905587 0.366344 0.513211
0.235334 0.548762 0.673868 0.579943 0.949532 0.205992 0.018649 0.599367 0.399437 0.229604 0.464308 0.174536
0.974327 0.170966 0.603322 0.088503 0.357046 0.987775 0.038095 0.743333 0.338236 0.868427 0.882067 0.629423
0.055022 0.084488 0.810802 0.569792 0.848260 0.687386 0.097555 0.720542 0.552407 0.256486 0.836038 0.634360
0.545987 0.133392 0.434848 0.344636 0.550382 0.766559 0.936839 0.406406 0.112863 0.003141 0.198631 0.848736
0.779472 0.994147 0.668561 0.257357 0.327271 0.148171 0.435001 0.466669 0.282174 0.007905 0.916574 0.100375
0.133146 0.370479 0.180918 0.559631 0.367182 0.892185 0.111486 0.424082 0.599665 0.790002 0.744644 0.656168
0.475053 0.330199 0.256793 0.360141 0.242688 0.733774 0.193865 0.347102 0.533554 0.088289 0.447536 0.796388
0.844432 0.446290 0.630489 0.569455 0.779716 0.690680 0.904767 0.129416 0.637953 0.330221 0.202207 0.086180
0.715280 0.680839 0.340539 0.377183 0.321556 0.688194 0.788022 0.816318 0.159909 0.177376 0.112177 0.925806
0.434150 0.637660 0.033558 0.811784 0.032941 0.205421 0.125690 0.600539 0.475545 0.010633 0.299537 0.567522
0.102005 0.005900 0.223337 0.224551 0.717911 0.149047 0.910319 0.860114 0.400660 0.024227 0.241689 0.209260
0.492714 0.767751 0.401459 0.321618 0.163450 0.090426 0.953060 0.211281 0.437716 0.307211 0.351075 0.133725
0.529291 0.596193 0.531156 0.570321 0.550525 0.672718 0.689512 0.469086 0.265129 0.446977 0.753472 0.153227
0.115241 0.531531 0.892739 0.875933 0.512038 0.372035 0.868872 0.563182 0.900522 0.735404 0.739951 0.739813
0.679925 0.523911 0.574178 0.051204 0.533806 0.583750 0.553148 0.456634 0.974469 0.934182 0.148213 0.902984
0.476991 0.265878 0.525401 0.910290 0.920804 0.603151 0.237098 0.450699 0.170244 0.966142 0.534677 0.362245
0.819321 0.709850 0.167108 0.296233 0.823963 0.652472 0.940527 0.419787 0.918158 0.177635 0.986504 0.607560
0.534456 0.489178 0.382868 0.841279 0.809202 0.371362 0.059809 0.463129 0.853569 0.460022 0.228056 0.560159
0.752775 0.996640 0.670010 0.045880 0.492864 0.736904 0.777111 0.352143 0.631646 0.475898 0.731975 0.545168
0.100024 0.746919 0.019060 0.388257 0.617216 0.567329 0.286810 0.219660 0.892482 0.058426 0.602628 0.955196
0.006447 0.617861 0.390190 0.005722 0.907803 0.324269 0.566249 0.227650 0.044849 0.887737 0.938189 0.181237
0.728625 0.992596 0.706476 0.038203 0.449235 0.559258 0.787640 0.490169 0.244541 0.741403 0.109795 0.444935
0.239019 0.107042 0.088528 0.716056 0.640711 0.495201 0.805660 0.051384 0.105807 0.896784 0.858767 0.154713
0.565717 0.067243 0.534985 0.846014 0.672120 0.996933 0.537297 0.682035 0.156986 0.596168 0.867620 0.983944
0.187188 0.914971 0.204569 0.513264 0.745365 0.260803 0.766375 0.828554 0.516276 0.189810 0.344280 0.575247
0.982524 0.229013 0.169230 0.529322 0.190524 0.771385 0.564012 0.861000 0.723243 0.797403 0.880689 0.882657
0.717428 0.599119 0.498324 0.068796 0.151425 0.658509 0.355815 0.189701 0.161419 0.105639 0.496186 0.186554
0.623600 0.007549 0.218784 0.085381 0.326360 0.555820 0.654853 0.265881 0.296230 0.096859 0.928846 0.780716
0.926622 0.435577 0.488158 0.797954 0.014913 0.151938 0.830647 0.073744 0.522187 0.671600 0.997579 0.566200
0.256363 0.331991 0.095840 0.249616 0.656546 0.232868 0.402480 0.075585 0.443660 0.232346 0.002756 0.573031
0.061494 0.750842 0.511427 0.015353 0.995656 0.032695 0.907529 0.153769 0.009222 0.459519 0.460907 0.009362
0.586348 0.013175 0.385625 0.700381 0.255019 0.475298 0.324452 0.683349 0.335726 0.631104 0.701275 0.262731
0.868195 0.844560 0.078531 0.445048 0.714193 0.246163 0.769201 0.757236 0.501033 0.588393 0.382345 0.808702
0.617364 0.407744 0.373405 0.222363 0.689850 0.903779 0.815816 0.473889 0.678717 0.802557 0.086510 0.405766
0.330069 0.212296 0.573835 0.598142 0.018459 0.505704 0.272688 0.970861 0.138543 0.230293 0.489298 0.722566
0.170026 0.775575 0.707554 0.016103 0.990562 0.777994 0.769267 0.206545 0.553782 0.392873 0.994696 0.950089
0.022220 0.019088 0.468200 0.351232 0.411782 0.169174 0.619229 0.458754 0.416678 0.003578 0.062605 0.998169
0.858981 0.216953 0.090435 0.171299 0.869485 0.689006 0.432410 0.920166 0.741106 0.592650 0.475739 0.842097
0.197047 0.315550 0.275804 0.087445 0.858932 0.988887 0.336071 0.140784 0.730583 0.330332 0.909437 0.644716
0.201874 0.035444 0.270979 0.896383 0.206019 0.338127 0.912811 0.002222 0.159173 0.176844 0.324995 0.499722
0.170312 0.465900 0.620002 0.997685 0.250014 0.680027 0.719566 0.414361 0.162782 0.377001 0.908726 0.903750
0.302767 0.048058 0.935729 0.769403 0.925303 0.174941 0.855639 0.317042 0.822814 0.964363 0.828816 0.419425
0.549179 0.629582 0.421428 0.129302 0.821726 0.755884 0.007301 0.794374 0.694937 0.463517 0.159729 0.505727
0.813028 0.716752 0.216390 0.152634 0.982183 0.999961 0.614451 0.018464 0.957521 0.453047 0.526943 0.277551
0.740118 0.545061 0.382653 0.726998 0.688457 0.676562 0.083578 0.956417 0.619666 0.623860 0.535203 0.581766
0.005759 0.957897 0.977789 0.494467 0.796812 0.554469 0.171610 0.246732 0.519440 0.731418 0.787915 0.473945
0.546135 0.506211 0.507948 0.046320 0.604343 0.909382 0.090165 0.467821 0.143716 0.279040 0.517776 0.009613
0.509987 0.577497 0.201927 0.677973 0.155702 0.306621 0.881854 0.531961 0.708332 0.402999 0.150551 0.800259
0.911269 0.774575 0.091781 0.774170 0.188942 0.624694 0.428106 0.535910 0.832784 0.832926 0.636622 0.068631
0.265343 0.270371 0.240480 0.437133 0.775296 0.163589 0.629251 0.608438 0.856323 0.855397 0.840765 0.457686
0.738677 0.705149 0.079351 0.527707 0.149909 0.806657 0.731850 0.344586 0.080153 0.711699 0.347836 0.163194
0.730075 0.274456 0.017238 0.228840 0.859278 0.611914 0.586868 0.976708 0.819200 0.721554 0.097672 0.053963
0.876399 0.806204 0.962829 0.077367 0.792872 0.910688 0.552218 0.157533 0.010067 0.368331 0.958957 0.663471
0.899123 0.659472 0.387893 0.769909 0.549731 0.688162 0.863192 0.076128 0.955251 0.324943 0.608493 0.603230
0.232741 0.986602 0.598375 0.180614 0.850730 0.629428 0.643386 0.327549 0.420080 0.201541 0.165294 0.011505
0.104498 0.355875 0.968200 0.617681 0.671616 0.848975 0.087580 0.816389 0.827818 0.390381 0.678922 0.751744
0.183232 0.163218 0.372339 0.111178 0.027282 0.710722 0.204313 0.740572 0.499100 0.508988 0.351566 0.804183
0.325395 0.622491 0.382925 0.742689 0.151437 0.438183 0.743888 0.696695 0.750881 0.544494 0.956012 0.992376
0.317405 0.246789 0.458775 0.225068 0.059632 0.772978 0.876242 0.917324 0.017897 0.791949 0.816710 0.698252
0.359973 0.371653 0.809237 0.120494 0.766029 0.816190 0.238874 0.962480 0.613714 0.612130 0.227542 0.626522
0.504531 0.429877 0.870581 0.832833 0.367153 0.715618 0.963010 0.333366 0.469807 0.483380 0.909740 0.478651
0.018331 0.821572 0.273787 0.716606 0.577439 0.243648 0.360254 0.643058 0.008357 0.125380 0.071239 0.764350
0.045610 0.467219 0.619101 0.803389 0.624161 0.381564 0.768512 0.389028 0.919997 0.014020 0.739304 0.209718
0.092212 0.728984 0.935390 0.905979 0.658548 0.340197 0.677553 0.353928 0.895684 0.068744 0.192151 0.054719
0.290228 0.907999 0.043371 0.373362 0.777705 0.234767 0.849410 0.490447 0.560553 0.832195 0.489950 0.928278
0.803380 0.462818 0.049530 0.645180 0.019992 0.587378 0.864248 0.768525 0.293975 0.837840 0.768130 0.819092
0.819806 0.245313 0.856073 0.941751 0.367634 0.376641 0.282579 0.370396 0.290253 0.006230 0.459272 0.753910
0.180459 0.842181 0.521268 0.097161 0.048443 0.280257 0.786242 0.563706 0.215049 0.596379 0.277219 0.392318
0.731408 0.401714 0.544482 0.779683 0.871841 0.226981 0.482737 0.135675 0.120695 0.384023 0.766648 0.009785
0.729600 0.027381 0.434306 0.698478 0.432279 0.832580 0.322047 0.190142 0.808502 0.428969 0.626924 0.443226
0.633261 0.440747 0.818457 0.916087 0.168368 0.466737 0.145816 0.698246 0.489971 0.562490 0.564093 0.617388
0.610675 0.383744 0.116767 0.527043 0.596833 0.803051 0.109400 0.550127 0.620283 0.928831 0.124069 0.421659
0.740699 0.508771 0.847373 0.127818 0.845526 0.832626 0.946453 0.635469 0.637676 0.612621 0.997401 0.046961
0.878331 0.063074 0.407215 0.809386 0.301105 0.485510 0.051144 0.263796 0.483221 0.987227 0.409531 0.516173
0.808580 0.645768 0.900030 0.247945 0.506274 0.550722 0.117400 0.910926 0.300292 0.952951 0.113628 0.261149
0.748062 0.991162 0.187495 0.019679 0.665449 0.245426 0.145887 0.608332 0.186908 0.546004 0.580010 0.344260
0.277341 0.598720 0.595266 0.976615 0.621495 0.551765 0.288681 0.267066 0.356754 0.967133 0.165043 0.378209
0.453822 0.995916 0.730282 0.785033 0.351448 0.028741 0.723885 0.605432 0.285090 0.746460 0.435097 0.002181
0.761062 0.565607 0.116517 0.856874 0.190563 0.614774 0.657365 0.302343 0.045874 0.368629 0.406252 0.861090
0.805370 0.086204 0.757759 0.293723 0.556793 0.657868 0.500922 0.630705 0.580683 0.157637 0.370639 0.929539
0.358671 0.352788 0.570637 0.419177 0.283427 0.622446 0.422549 0.970658 0.632464 0.167395 0.776073 0.140401
0.246647 0.037883 0.796670 0.801041 0.345374 0.727402 0.331820 0.706784 0.762705 0.736978 0.954039 0.434092
0.371828 0.733328 0.247056 0.012200 0.689380 0.082931 0.626762 0.605329 0.924100 0.484720 0.742375 0.315215
0.533498 0.529059 0.888010 0.537332 0.419158 0.687697 0.864230 0.429753 0.545611 0.350947 0.628884 0.425884
0.515049 0.514624 0.512572 0.837896 0.028525 0.300669 0.912816 0.019323 0.076927 0.408735 0.855646 0.376775
0.157527 0.284839 0.655921 0.664699 0.219381 0.981803 0.113781 0.150555 0.874144 0.958832 0.710711 0.699740
0.027494 0.868307 0.614613 0.240856 0.402615 0.888036 0.018886 0.710288 0.898446 0.069000 0.546417 0.650874
0.565412 0.271695 0.784265 0.559784 0.624316 0.447472 0.734362 0.544063 0.407385 0.867792 0.337319 0.280521
0.611229 0.929580 0.826293 0.648599 0.508138 0.664215 0.758636 0.763568 0.952225 0.257188 0.854868 0.853072
0.243650 0.800660 0.589096 0.841849 0.919790 0.969658 0.828538 0.922223 0.561771 0.190892 0.374675 0.851270
0.138151 0.996698 0.798201 0.538089 0.570775 0.436653 0.239008 0.054051 0.898394 0.507483 0.080026 0.297394
0.889625 0.868666 0.097648 0.438777 0.476008 0.387669 0.999851 0.426535 0.210277 0.864174 0.868938 0.846640
0.582465 0.439160 0.040211 0.609823 0.986207 0.759079 0.841591 0.757754 0.280725 0.251322 0.602225 0.217777
0.543640 0.360065 0.001530 0.859249 0.128185 0.746774 0.524640 0.232857 0.153378 0.165420 0.723545 0.239756
0.687028 0.212198 0.432702 0.126184 0.514178 0.702131 0.868094 0.431781 0.486687 0.304048 0.685682 0.374527
0.305001 0.485794 0.217847 0.496200 0.797230 0.694114 0.439792 0.151204 0.575820 0.752723 0.925442 0.404196
0.087996 0.729114 0.187854 0.739339 0.263878 0.287948 0.868384 0.774498 0.601983 0.283792 0.097988 0.342087
0.007110 0.774776 0.465679 0.295689 0.650687 0.030500 0.758012 0.182551 0.517850 0.839181 0.859912 0.698022
0.086691 0.453441 0.349511 0.847311 0.392242 0.239316 0.357684 0.609938 0.716970 0.377720 0.639747 0.600047
0.356337 0.482323 0.626129 0.796380 0.205108 0.558885 0.146717 0.512093 0.569617 0.103546 0.358568 0.472551
0.628130 0.851828 0.979911 0.461029 0.000044 0.988187 0.163561 0.894110 0.498094 0.135389 0.274179 0.006348
0.588461 0.040669 0.887787 0.945107 0.300069 0.255889 0.079774 0.635299 0.438558 0.154230 0.157155 0.054293
0.507001 0.748253 0.743876 0.711476 0.740496 0.820698 0.374125 0.297057 0.551375 0.375936 0.987737 0.062480
0.351669 0.912339 0.923990 0.435993 0.801553 0.985921 0.935860 0.670942 0.691086 0.509248 0.850190 0.138440
0.212390 0.937753 0.624232 0.533738 0.284206 0.344936 0.462804 0.799847 0.096750 0.617133 0.431311 0.032741
0.215038 0.475705 0.377267 0.706314 0.209494 0.140978 0.503315 0.776226 0.394267 0.202429 0.268815 0.384804
0.464748 0.161239 0.540286 0.622424 0.569315 0.868768 0.496175 0.518291 0.516115 0.779328 0.107096 0.868946
0.697988 0.191309 0.239043 0.650018 0.107483 0.499576 0.339778 0.548663 0.916950 0.081916 0.205965 0.955330
0.264038 0.879983 0.185434 0.720492 0.327462 0.720984 0.859503 0.719318 0.481636 0.612878 0.740764 0.904225
0.733566 0.729166 0.946042 0.710654 0.798738 0.570352 0.089164 0.896432 0.683037 0.748981 0.681431 0.051907
0.389180 0.425495 0.389750 0.780275 0.947053 0.322515 0.692729 0.762488 0.518662 0.599427 0.717207 0.715140
0.252154 0.845274 0.326339 0.980816 0.559784 0.669235 0.057976 0.981972 0.977544 0.941161 0.594740 0.798386
0.672743 0.538422 0.615993 0.178712 0.173196 0.267846 0.669761 0.372666 0.724161 0.593963 0.003981 0.919153
0.597860 0.498057 0.329541 0.460103 0.135418 0.268634 0.763338 0.314661 0.523294 0.138467 0.599813 0.230362
0.797472 0.182470 0.874531 0.396234 0.704260 0.497142 0.965519 0.292084 0.988835 0.776389 0.065459 0.144054
0.652451 0.637705 0.591821 0.536202 0.753053 0.930485 0.579607 0.788714 0.730552 0.307259 0.589348 0.443767
0.189468 0.802434 0.729363 0.716200 0.735398 0.804611 0.919074 0.373634 0.054834 0.762852 0.755446 0.574017
0.627153 0.733267 0.994613 0.021629 0.908446 0.087497 0.436063 0.066117 0.147799 0.032987 0.180162 0.495069
0.941683 0.697385 0.547374 0.865612 0.815323 0.012821 0.927254 0.570266 0.319186 0.263418 0.717514 0.174448
0.485661 0.677105 0.742629 0.292391 0.295252 0.757344 0.843002 0.688597 0.817448 0.327575 0.626721 0.859885
0.325332 0.663506 0.557663 0.213872 0.957005 0.361052 0.142403 0.690038 0.823739 0.844500 0.477581 0.675947
0.362494 0.751085 0.268400 0.003375 0.789261 0.597259 0.364116 0.606606 0.933403 0.670434 0.807859 0.519762
0.712051 0.631822 0.751264 0.863911 0.906593 0.196285 0.041462 0.521289 0.269488 0.004737 0.622763 0.630719
0.614137 0.962844 0.680218 0.483458 0.538212 0.697243 0.275707 0.382195 0.840576 0.133707 0.225563 0.808119
0.229504 0.539610 0.486239 0.990544 0.622601 0.437723 0.772623 0.050427 0.116377 0.768731 0.576279 0.233179
0.549987 0.001748 0.519570 0.371136 0.888685 0.877721 0.409956 0.128868 0.947714 0.405818 0.317038 0.659989
0.140644 0.017338 0.021469 0.493283 0.432757 0.833953 0.428888 0.882497 0.613658 0.859113 0.315348 0.269248
0.019891 0.384147 0.344623 0.316997 0.828510 0.271668 0.768028 0.980242 0.454583 0.762540 0.169051 0.958871
0.070782 0.036974 0.971243 0.476440 0.490168 0.116758 0.521378 0.790955 0.474138 0.211203 0.645586 0.278639
0.202223 0.558117 0.759852 0.971910 0.241890 0.725351 0.311645 0.683981 0.998590 0.212118 0.940889 0.856418
0.203452 0.623464 0.129131 0.358694 0.069029 0.024269 0.418043 0.181316 0.183580 0.395543 0.378406 0.763882
0.149108 0.288991 0.712864 0.750701 0.215359 0.975477 0.151123 0.875398 0.864735 0.792423 0.234241 0.045048
0.713373 0.738325 0.036199 0.238718 0.561289 0.850339 0.258228 0.253962 0.727420 0.196240 0.122087 0.763714
0.067397 0.628713 0.264257 0.136881 0.812387 0.452196 0.760874 0.115762 0.283323 0.558349 0.066732 0.246394
0.363942 0.096773 0.110452 0.704056 0.551252 0.933816 0.938737 0.663350 0.835639 0.483850 0.425336 0.034549
0.071276 0.946570 0.241796 0.675631 0.712388 0.371584 0.226882 0.973830 0.766724 0.036289 0.571304 0.450216
0.911945 0.159575 0.538891 0.460382 0.044316 0.581115 0.418786 0.303809 0.854203 0.500593 0.500407 0.593004
0.433470 0.981925 0.836302 0.616588 0.576045 0.047900 0.241034 0.935169 0.812124 0.893996 0.226349 0.796250
0.626116 0.476487 0.643023 0.573205 0.502759 0.803487 0.856135 0.446065 0.414593 0.447615 0.345522 0.613231
0.541323 0.198693 0.557865 0.856073 0.036107 0.727380 0.547233 0.940743 0.290015 0.621743 0.713624 0.931657
0.573599 0.911190 0.457192 0.833007 0.645109 0.889698 0.210895 0.773691 0.841599 0.197664 0.228808 0.972730
0.420455 0.966726 0.118845 0.167120 0.396993 0.135359 0.748857 0.122088 0.809873 0.197089 0.797548 0.406788
0.371509 0.889129 0.646878 0.935153 0.721187 0.272672 0.326579 0.635949 0.879849 0.748406 0.672890 0.882447
0.979505 0.914372 0.218132 0.783529 0.083849 0.402191 0.034021 0.747038 0.904529 0.582591 0.023677 0.614970
0.436385 0.826822 0.609424 0.588682 0.345833 0.720013 0.232504 0.825985 0.829635 0.766306 0.196197 0.860146
0.066269 0.275153 0.876885 0.948272 0.788354 0.840237 0.139096 0.794088 0.117586 0.012401 0.577967 0.920294
0.082146 0.889136 0.143461 0.372689 0.423522 0.326601 0.497308 0.187476 0.510610 0.158112 0.741939 0.924502
0.281091 0.925141 0.941852 0.367167 0.566963 0.504583 0.924070 0.164290 0.641042 0.385173 0.549573 0.992026
0.057519 0.560642 0.169370 0.389568 0.041470 0.480151 0.613191 0.445154 0.030467 0.706935 0.808394 0.264477
0.300275 0.719916 0.555031 0.522916 0.612431 0.506212 0.057531 0.546167 0.933350 0.570138 0.881709 0.101446
0.599671 0.690427 0.440172 0.245125 0.874233 0.821851 0.664267 0.535233 0.656094 0.002853 0.492839 0.363431
0.756565 0.659535 0.152565 0.933198 0.394007 0.531999 0.779420 0.377950 0.168003 0.023846 0.218632 0.851693
0.494331 0.985076 0.012675 0.612087 0.135649 0.674875 0.154897 0.134033 0.454196 0.932209 0.006084 0.500460
0.946179 0.972023 0.455308 0.962029 0.926422 0.516106 0.420019 0.176792 0.308752 0.069345 0.767618 0.048349
0.649000 0.774415 0.081941 0.439002 0.138974 0.634467 0.647291 0.760879 0.198813 0.991721 0.294213 0.896236
0.621728 0.597742 0.768294 0.387409 0.622264 0.580453 0.429478 0.362555 0.348473 0.758135 0.835218 0.703951
0.969854 0.245139 0.640208 0.539105 0.948630 0.797113 0.058223 0.608145 0.740870 0.095237 0.357824 0.011647
0.849350 0.459983 0.274519 0.440116 0.528199 0.883639 0.961754 0.569031 0.837899 0.463542 0.685074 0.522733
0.166010 0.065053 0.172572 0.334125 0.803066 0.448103 0.261571 0.724893 0.364890 0.091118 0.497634 0.715373
0.187374 0.905655 0.723974 0.848141 0.138432 0.459370 0.423834 0.281638 0.557716 0.076114 0.068472 0.334862
0.761902 0.106873 0.191444 0.349578 0.145465 0.132487 0.582040 0.740931 0.881804 0.876213 0.284135 0.508171
0.107779 0.527529 0.060857 0.132005 0.846528 0.121783 0.803789 0.041982 0.501775 0.368534 0.602981 0.366650
0.224676 0.697797 0.109219 0.901105 0.974194 0.045128 0.927983 0.635967 0.330205 0.010705 0.751551 0.165774
0.058496 0.025358 0.774008 0.462334 0.884700 0.324093 0.691964 0.165264 0.022423 0.408242 0.088003 0.280976
0.649313 0.394819 0.315241 0.913633 0.251787 0.473126 0.890962 0.159735 0.702789 0.789300 0.750759 0.018728
0.153503 0.826131 0.350422 0.298597 0.735448 0.401739 0.486653 0.407246 0.685189 0.707783 0.086515 0.503290
0.209395 0.772929 0.386544 0.476681 0.163140 0.792374 0.732146 0.215899 0.123102 0.795661 0.085730 0.230126
0.533448 0.777387 0.707888 0.080170 0.753167 0.613087 0.839679 0.976248 0.067842 0.761374 0.407973 0.217085
0.136209 0.736428 0.557570 0.834477 0.811730 0.112992 0.283115 0.994125 0.156337 0.176844 0.119592 0.286059
0.878659 0.633694 0.179278 0.412370 0.244017 0.020199 0.946209 0.188060 0.415215 0.726831 0.866642 0.940774
0.503696 0.391608 0.871630 0.622311 0.836984 0.171935 0.141638 0.388984 0.845266 0.747461 0.419304 0.241207
0.827638 0.095681 0.103975 0.161733 0.076527 0.008838 0.680903 0.388205 0.896288 0.145478 0.092042 0.981593
0.810711 0.839396 0.525281 0.931986 0.098737 0.691898 0.957195 0.318226 0.838420 0.075551 0.561997 0.895528
0.260780 0.934727 0.023464 0.988950 0.602358 0.266012 0.339595 0.660800 0.814552 0.176029 0.902926 0.137418
0.825300 0.607396 0.000040 0.231887 0.992076 0.371857 0.663002 0.068523 0.140604 0.493746 0.889293 0.442160
0.779006 0.810631 0.016271 0.291028 0.127522 0.275242 0.505871 0.635688 0.173609 0.205447 0.936578 0.866169
0.200215 0.608485 0.691873 0.975726 0.535050 0.612387 0.604342 0.524418 0.318394 0.939801 0.609843 0.524104
0.796868 0.670920 0.574946 0.718018 0.384438 0.390261 0.813448 0.296866 0.413843 0.181368 0.593070 0.596818
0.799539 0.391637 0.268341 0.487100 0.397223 0.467804 0.159900 0.612325 0.071194 0.450345 0.303873 0.194086
0.363916 0.201232 0.423234 0.935629 0.858712 0.039360 0.723418 0.572273 0.651873 0.262477 0.848093 0.088903
0.557612 0.129308 0.048548 0.083257 0.400159 0.107128 0.770663 0.486091 0.787133 0.656257 0.575336 0.403328
0.903064 0.350520 0.728112 0.286002 0.597651 0.548141 0.819591 0.146964 0.508812 0.266412 0.894154 0.017545
0.895780 0.170424 0.389600 0.958291 0.153693 0.254773 0.841928 0.362580 0.708694 0.479710 0.527867 0.453728
0.347753 0.936461 0.575035 0.600342 0.425395 0.108750 0.371856 0.550716 0.506780 0.162528 0.989504 0.151613
0.657019 0.124498 0.467670 0.028118 0.483451 0.471586 0.233016 0.738596 0.402942 0.835173 0.261622 0.224660
0.952251 0.438237 0.943089 0.621141 0.301387 0.815271 0.632853 0.984615 0.271067 0.421461 0.822012 0.653459
0.845693 0.033792 0.711326 0.682979 0.010514 0.818602 0.517271 0.839316 0.294062 0.069146 0.390002 0.703024
0.643609 0.689239 0.824190 0.311786 0.977642 0.174871 0.791016 0.980576 0.687139 0.074447 0.944765 0.113948
0.571311 0.271825 0.787186 0.307913 0.121000 0.490521 0.828793 0.365895 0.661601 0.254120 0.026774 0.230869
0.446284 0.309622 0.828604 0.458501 0.797475 0.197254 0.380054 0.736557 0.706465 0.418696 0.717466 0.819123
0.756744 0.996775 0.821271 0.163162 0.194526 0.945068 0.523702 0.967927 0.894150 0.215699 0.408244 0.735375
0.531037 0.601655 0.781561 0.685267 0.483920 0.936347 0.639245 0.652450 0.684708 0.176836 0.276320 0.636331
0.524447 0.011532 0.979506 0.975799 0.416433 0.060286 0.343170 0.498370 0.056304 0.882587 0.993779 0.739870
0.464740 0.103909 0.504642 0.400792 0.744217 0.198692 0.364632 0.575501 0.394167 0.858295 0.966429 0.677581
0.833556 0.740464 0.849594 0.092693 0.508699 0.278482 0.312464 0.054413 0.751532 0.994441 0.249521 0.103251
0.861771 0.249494 0.453397 0.646012 0.867089 0.704732 0.646843 0.763637 0.608599 0.624948 0.513321 0.063280
0.259246 0.804083 0.263558 0.613683 0.356617 0.641751 0.403341 0.082754 0.540073 0.635380 0.565317 0.205076
0.419896 0.831776 0.931253 0.056252 0.787057 0.879900 0.645814 0.051302 0.305537 0.711333 0.497197 0.666115
0.791147 0.974610 0.797484 0.065698 0.844504 0.305179 0.548417 0.268662 0.430960 0.986056 0.004164 0.524586
0.429608 0.511961 0.521897 0.507202 0.847691 0.706949 0.574538 0.902948 0.117987 0.439087 0.847693 0.072909
0.334179 0.799125 0.129201 0.973607 0.596404 0.112802 0.528044 0.139887 0.892271 0.663429 0.487453 0.238359
0.333075 0.109533 0.341766 0.212168 0.670565 0.094047 0.024002 0.914775 0.696705 0.716106 0.927668 0.765445
0.704426 0.780462 0.243850 0.755672 0.711438 0.726598 0.243978 0.045407 0.857856 0.280735 0.280044 0.461441
0.084463 0.152581 0.731299 0.542277 0.618632 0.832929 0.926834 0.922070 0.806131 0.022545 0.624261 0.107598
0.439090 0.450891 0.037622 0.905783 0.811911 0.489873 0.163516 0.555382 0.154415 0.784563 0.224971 0.371228
0.844187 0.767818 0.620709 0.538532 0.892656 0.874253 0.765262 0.124721 0.625872 0.501753 0.643475 0.485395
0.684729 0.430874 0.758603 0.804094 0.994467 0.663825 0.752420 0.839958 0.156939 0.700477 0.593418 0.201762
0.288265 0.522316 0.393939 0.589013 0.099871 0.138510 0.173516 0.226959 0.161942 0.071698 0.191730 0.164036
0.858189 0.071344 0.124896 0.375213 0.400656 0.623394 0.954021 0.434524 0.209362 0.748861 0.516598 0.336381
0.213121 0.891997 0.824318 0.804673 0.303108 0.856399 0.784443 0.042798 0.322914 0.569551 0.821616 0.989665
0.154758 0.173452 0.601272 0.800391 0.819215 0.629068 0.855207 0.109947 0.496736 0.925598 0.130334 0.186613
0.537039 0.951735 0.077495 0.770446 0.465048 0.325217 0.621965 0.328494 0.515025 0.125484 0.445697 0.337264
0.253159 0.595505 0.117290 0.620072 0.615718 0.625018 0.320519 0.346745 0.710771 0.036502 0.166494 0.881964
0.357081 0.366978 0.386317 0.822029 0.984726 0.957758 0.314346 0.369084 0.959189 0.696633 0.788660 0.684257
0.080008 0.775872 0.736845 0.087236 0.352946 0.038405 0.231437 0.994807 0.327652 0.130108 0.748316 0.803263
0.634869 0.687159 0.315690 0.869462 0.590018 0.008079 0.026297 0.403320 0.555789 0.281814 0.756728 0.161270
0.902809 0.533881 0.958242 0.948357 0.158817 0.705098 0.516818 0.223214 0.496818 0.834436 0.162738 0.503120
0.757684 0.222855 0.346335 0.121308 0.756970 0.326880 0.370638 0.433228 0.703136 0.335914 0.083680 0.651783
0.968451 0.683840 0.950403 0.634824 0.038238 0.028887 0.833940 0.340506 0.339076 0.514053 0.254335 0.132525
0.390319 0.536986 0.299288 0.642999 0.792120 0.349477 0.602266 0.772637 0.526020 0.876053 0.265326 0.791243
0.075806 0.795102 0.722348 0.587168 0.044795 0.576882 0.286895 0.008488 0.563103 0.684937 0.652266 0.080625
0.153650 0.777837 0.640834 0.794932 0.463788 0.221282 0.629364 0.339729 0.207037 0.499628 0.409312 0.946190
0.871607 0.883998 0.092487 0.952192 0.333673 0.408022 0.913915 0.944881 0.075470 0.145035 0.147078 0.818909
0.437347 0.078454 0.681232 0.867030 0.093747 0.653167 0.051054 0.000354 0.817347 0.767815 0.199249 0.724523
0.707166 0.109457 0.142831 0.090948 0.669201 0.430335 0.676987 0.165090 0.874548 0.078418 0.685824 0.140091
0.872995 0.342083 0.757601 0.136830 0.975089 0.728268 0.015567 0.327901 0.800738 0.638621 0.395966 0.214715
0.125333 0.676791 0.312138 0.687041 0.559270 0.739721 0.184402 0.980146 0.663402 0.826178 0.257209 0.133023
0.046641 0.181400 0.127973 0.453672 0.647140 0.672955 0.459284 0.086168 0.655194 0.678695 0.358434 0.430711
0.252291 0.955996 0.590578 0.254447 0.543842 0.965937 0.367040 0.250662 0.896438 0.883217 0.027979 0.019825
0.281595 0.960713 0.484338 0.004921 0.572614 0.570702 0.190910 0.909589 0.433614 0.663722 0.975809 0.352973
0.424862 0.293514 0.711045 0.714136 0.996170 0.294604 0.978071 0.265949 0.602444 0.904170 0.910941 0.149424
0.125840 0.023982 0.503861 0.478488 0.204722 0.540281 0.533288 0.083240 0.015802 0.936787 0.997921 0.118894
0.351156 0.868919 0.392914 0.909802 0.827223 0.322593 0.738940 0.334673 0.783955 0.763061 0.239593 0.671728
0.258286 0.726026 0.386181 0.958239 0.009019 0.191449 0.704161 0.650027 0.254607 0.873638 0.481951 0.766436
0.576787 0.090350 0.105070 0.778731 0.418518 0.050347 0.341591 0.197363 0.552240 0.657877 0.426082 0.996248
0.333682 0.022588 0.855934 0.989672 0.965864 0.479353 0.255756 0.593622 0.365513 0.541962 0.038586 0.351028
0.656112 0.087604 0.567375 0.833413 0.820105 0.141813 0.870076 0.144841 0.892394 0.476894 0.498424 0.281340
0.066884 0.246287 0.456722 0.975196 0.496831 0.995860 0.546876 0.009359 0.000216 0.515114 0.997071 0.267650
0.717316 0.032718 0.591850 0.697650 0.141647 0.402138 0.633515 0.612089 0.941064 0.061575 0.374498 0.206930
0.765212 0.360373 0.118308 0.658348 0.249176 0.403914 0.123769 0.562222 0.933013 0.423722 0.961111 0.252346
0.722630 0.936885 0.720798 0.811707 0.693545 0.202111 0.613514 0.863793 0.880170 0.980961 0.095968 0.009909
0.041889 0.115654 0.677303 0.556544 0.465148 0.794038 0.177926 0.566552 0.024215 0.788695 0.323381 0.440526
0.012873 0.963201 0.549427 0.793791 0.377984 0.127081 0.652393 0.255495 0.915586 0.095368 0.430710 0.196331
0.700573 0.745224 0.410347 0.550388 0.989713 0.383992 0.964997 0.159921 0.067530 0.378597 0.212410 0.304507
0.156810 0.688591 0.253319 0.163735 0.850265 0.847335 0.590533 0.718404 0.452328 0.295388 0.983298 0.512389
0.596760 0.534255 0.062485 0.103018 0.083846 0.628994 0.485950 0.441186 0.169220 0.381353 0.991262 0.798171
0.397750 0.340861 0.573331 0.033661 0.588279 0.330876 0.892324 0.067667 0.321625 0.600449 0.223700 0.490816
0.006057 0.009916 0.393973 0.622033 0.101203 0.826511 0.593467 0.833968 0.062986 0.618073 0.031029 0.834630
0.063449 0.945970 0.693965 0.983480 0.750662 0.354847 0.836552 0.058232 0.120976 0.551790 0.526310 0.773929
0.331966 0.633620 0.794589 0.438805 0.551186 0.116504 0.580918 0.152418 0.636900 0.451547 0.650741 0.426947
0.349318 0.851634 0.329747 0.229880 0.765492 0.787268 0.138861 0.531493 0.566782 0.461616 0.105146 0.213531
0.532629 0.373766 0.105119 0.632846 0.234667 0.862927 0.002240 0.255987 0.855435 0.444483 0.811769 0.430263
0.186415 0.329686 0.463345 0.325758 0.911118 0.853917 0.145984 0.286271 0.196468 0.762905 0.347119 0.875062
0.823853 0.487442 0.401451 0.123013 0.247196 0.736049 0.723350 0.851216 0.601544 0.630137 0.530265 0.814865
0.767580 0.454575 0.675237 0.353613 0.503698 0.053020 0.287221 0.188045 0.124781 0.034911 0.918053 0.002206
0.289063 0.996975 0.159711 0.072138 0.489698 0.445299 0.710512 0.767965 0.901899 0.910971 0.440289 0.068379
0.682605 0.762881 0.133320 0.824413 0.375439 0.418907 0.193450 0.510639 0.374028 0.450834 0.733268 0.657146
0.215623 0.527443 0.146299 0.418594 0.523292 0.512727 0.356805 0.791157 0.340608 0.145939 0.610321 0.425038
0.881968 0.460362 0.763595 0.491626 0.390445 0.548952 0.329904 0.031071 0.762137 0.112590 0.915452 0.037022
0.815543 0.881404 0.682280 0.561007 0.715992 0.032537 0.841336 0.176558 0.932335 0.924921 0.133265 0.772486
0.985142 0.540662 0.192706 0.909654 0.184659 0.072371 0.058305 0.788955 0.431576 0.881572 0.017763 0.508168
0.840008 0.986933 0.485661 0.564650 0.520618 0.021048 0.428650 0.730637 0.565386 0.530558 0.945765 0.806422
0.062367 0.997134 0.198040 0.979919 0.266418 0.204216 0.618017 0.023768 0.031739 0.577934 0.377896 0.454863
0.343136 0.826541 0.629762 0.089494 0.485357 0.474485 0.900944 0.262225 0.597744 0.337328 0.087128 0.143031
0.835311 0.129466 0.700719 0.152158 0.338691 0.687754 0.905638 0.978064 0.420216 0.226524 0.006326 0.801302
0.234775 0.284806 0.851059 0.070544 0.449836 0.512885 0.050536 0.775998 0.043549 0.871172 0.259882 0.624482
0.773148 0.299138 0.876207 0.077401 0.150708 0.042615 0.533612 0.346920 0.547892 0.074737 0.456750 0.943427
0.556197 0.758464 0.867379 0.103401 0.220190 0.225905 0.599934 0.253038 0.642996 0.535855 0.920443 0.870081
0.638923 0.302126 0.871438 0.098300 0.143866 0.203388 0.410802 0.204016 0.832321 0.982767 0.003268 0.537620
0.682062 0.947917 0.276419 0.457471 0.235983 0.703634 0.930568 0.542903 0.839567 0.547050 0.795987 0.082308
0.102862 0.106387 0.841123 0.918817 0.191275 0.964702 0.888769 0.786426 0.889373 0.579220 0.568905 0.238824
0.594106 0.337179 0.962379 0.517819 0.196918 0.965158 0.236021 0.479284 0.644490 0.275620 0.237176 0.534597
