0.236541 0.308206 0.378031 0.173361 0.176298 0.957775 0.828122 0.800289 0.339047 0.529535 0.684757 0.717634
0.547111 0.162701 0.148348 0.712635 0.505798 0.300195 0.512417 0.952504 0.187668 0.742039 0.407140 0.848184
0.325471 0.357007 0.268129 0.889379 0.582532 0.216250 0.066071 0.302707 0.292490 0.623819 0.293245 0.046007
0.302146 0.576446 0.420813 0.123127 0.340183 0.103787 0.343858 0.571580 0.652471 0.299907 0.330040 0.896623
0.841878 0.286944 0.493357 0.030337 0.891523 0.037335 0.200305 0.927810 0.909813 0.865384 0.195866 0.829716
0.764088 0.752254 0.562058 0.827298 0.466410 0.392571 0.066789 0.667494 0.215314 0.877858 0.593553 0.788231
0.000485 0.173455 0.327891 0.367947 0.074629 0.171041 0.805851 0.940139 0.628725 0.576624 0.645375 0.496574
0.426219 0.405281 0.621767 0.775101 0.468229 0.941941 0.405766 0.849724 0.721284 0.263817 0.745870 0.795169
0.973423 0.589598 0.297627 0.423790 0.845892 0.825852 0.034767 0.246959 0.698872 0.720215 0.070394 0.957245
0.713900 0.615027 0.572021 0.439236 0.691525 0.904193 0.845119 0.603354 0.548136 0.909455 0.005310 0.716959
0.567827 0.122927 0.723234 0.766326 0.963114 0.755229 0.857274 0.236523 0.199340 0.948148 0.691555 0.375195
0.188494 0.550252 0.550646 0.045690 0.663633 0.985005 0.262029 0.969643 0.744230 0.830174 0.429405 0.215010
0.071637 0.874698 0.038266 0.577659 0.509352 0.395102 0.646981 0.954899 0.410811 0.523239 0.332366 0.313178
0.412807 0.091600 0.174729 0.626815 0.632485 0.285226 0.377943 0.371814 0.089448 0.811137 0.360811 0.606982
0.817507 0.343026 0.972158 0.566862 0.121934 0.540441 0.753195 0.211900 0.089036 0.318397 0.395332 0.084462
0.494443 0.540904 0.545365 0.051137 0.163416 0.167714 0.214117 0.776760 0.922690 0.531279 0.128771 0.259117
0.515674 0.003927 0.220420 0.687891 0.815683 0.488758 0.280243 0.942280 0.147163 0.524165 0.692336 0.551058
0.299824 0.490036 0.128768 0.513311 0.000606 0.102351 0.108219 0.967514 0.180496 0.370817 0.655633 0.422951
0.459805 0.885164 0.849225 0.083829 0.848976 0.383006 0.848443 0.943073 0.953700 0.361230 0.079496 0.041116
0.066342 0.450267 0.896668 0.474367 0.563158 0.830824 0.055587 0.576027 0.193145 0.980258 0.931365 0.711608
0.842865 0.318961 0.663013 0.260391 0.978634 0.885278 0.611899 0.074961 0.529094 0.052700 0.554235 0.857109
0.203934 0.871132 0.515213 0.455563 0.070648 0.041202 0.841869 0.383223 0.197503 0.295746 0.664467 0.152493
0.444371 0.223547 0.685188 0.696020 0.511202 0.987556 0.761686 0.221212 0.000793 0.180086 0.705074 0.020986
0.497090 0.993584 0.691087 0.477429 0.760832 0.687219 0.204321 0.679831 0.163910 0.318166 0.055037 0.269552
0.495387 0.821183 0.115414 0.070014 0.013950 0.037271 0.310890 0.380931 0.457345 0.928689 0.659201 0.031088
0.679337 0.966065 0.125580 0.424953 0.722124 0.384771 0.901196 0.786494 0.182028 0.124866 0.057992 0.300946
0.657014 0.374709 0.064146 0.591697 0.729326 0.927950 0.325544 0.280259 0.616550 0.012976 0.995239 0.944013
0.533628 0.818817 0.164359 0.160298 0.648676 0.542210 0.641285 0.297788 0.515470 0.038500 0.850553 0.217892
0.162611 0.446226 0.365000 0.041308 0.542075 0.732813 0.893572 0.901997 0.229811 0.899884 0.261854 0.623760
0.502379 0.007159 0.032344 0.950422 0.222187 0.374015 0.407204 0.263131 0.517799 0.269962 0.393845 0.220992
0.281525 0.689151 0.166123 0.024367 0.164226 0.344011 0.748870 0.296891 0.089210 0.218236 0.881690 0.803446
0.996795 0.231191 0.835235 0.179338 0.072285 0.868915 0.144902 0.276685 0.595210 0.031802 0.231111 0.731753
0.701103 0.819581 0.354578 0.497237 0.219804 0.129715 0.971281 0.754293 0.938245 0.596078 0.268189 0.900458
0.395237 0.847755 0.389939 0.955036 0.932254 0.896540 0.096337 0.652394 0.371717 0.132213 0.872295 0.823446
0.559624 0.671502 0.765696 0.902976 0.650772 0.280686 0.291902 0.322466 0.246317 0.015862 0.825668 0.905791
0.011546 0.929458 0.356526 0.195805 0.287602 0.840888 0.259591 0.002766 0.316198 0.349856 0.700326 0.654330
0.255551 0.958550 0.141214 0.732477 0.541554 0.841295 0.543723 0.423765 0.962131 0.296772 0.353929 0.823894
0.144889 0.430940 0.934411 0.179948 0.449775 0.785636 0.232259 0.125589 0.335839 0.583785 0.100399 0.851537
0.221340 0.972949 0.549044 0.961710 0.032943 0.146168 0.591214 0.753354 0.162559 0.139348 0.994468 0.161058
0.510028 0.367408 0.625587 0.098956 0.529916 0.216597 0.636831 0.071311 0.950463 0.017598 0.115366 0.878612
0.418534 0.072652 0.284066 0.527888 0.629180 0.068476 0.122262 0.825471 0.116862 0.873804 0.093457 0.004076
0.819132 0.787874 0.497998 0.649776 0.768626 0.162462 0.536604 0.823010 0.137332 0.511423 0.232441 0.253878
0.391924 0.680359 0.518466 0.499366 0.192388 0.943447 0.085262 0.051747 0.867389 0.289220 0.323561 0.776458
0.550978 0.225972 0.921247 0.949247 0.099982 0.389585 0.598978 0.647409 0.480864 0.364977 0.393695 0.297036
0.401395 0.829884 0.557456 0.015673 0.031425 0.848086 0.281217 0.514519 0.524388 0.636411 0.879740 0.738004
0.305838 0.622541 0.390981 0.632687 0.194658 0.795098 0.207335 0.900126 0.289591 0.027667 0.307098 0.170272
0.023916 0.274689 0.498183 0.343076 0.634734 0.755577 0.363246 0.910693 0.422246 0.597849 0.508647 0.151690
0.592280 0.760426 0.802570 0.141178 0.368240 0.356737 0.020118 0.809293 0.143457 0.834936 0.785741 0.280832
0.131598 0.639564 0.464461 0.869898 0.815729 0.029254 0.589358 0.435955 0.216058 0.105477 0.207164 0.306190
0.687157 0.016503 0.022066 0.854871 0.308294 0.305853 0.581520 0.523223 0.825633 0.812806 0.916095 0.605482
0.414147 0.315761 0.788430 0.967189 0.120296 0.740493 0.878733 0.579580 0.272434 0.979032 0.760721 0.434666
0.640539 0.987587 0.574623 0.184072 0.178549 0.965839 0.271583 0.062461 0.856808 0.295592 0.448407 0.292495
0.423546 0.018271 0.430581 0.508489 0.194801 0.895819 0.082177 0.287144 0.186127 0.395150 0.948236 0.452436
0.004605 0.731132 0.219899 0.122277 0.805852 0.137866 0.524839 0.747331 0.654631 0.567047 0.251090 0.203882
0.202795 0.559589 0.206878 0.188365 0.529213 0.721838 0.942709 0.098196 0.187448 0.743429 0.429078 0.486799
0.391660 0.489296 0.013627 0.110935 0.059620 0.863138 0.731762 0.896369 0.135965 0.513714 0.651781 0.830899
0.764380 0.498280 0.116062 0.633221 0.817502 0.245797 0.493362 0.627621 0.742277 0.511668 0.900488 0.060226
0.672711 0.325066 0.814721 0.355744 0.927889 0.453383 0.648032 0.706848 0.641395 0.804569 0.401055 0.506596
0.900618 0.648445 0.057874 0.412481 0.142668 0.303701 0.160864 0.265735 0.727018 0.007449 0.951969 0.256446
0.868444 0.025880 0.690010 0.869402 0.868808 0.109849 0.817142 0.788823 0.621421 0.228639 0.501667 0.804606
0.625047 0.855868 0.585480 0.138780 0.016122 0.193413 0.321530 0.765496 0.595258 0.157753 0.312443 0.417904
0.582331 0.543161 0.391397 0.407298 0.430193 0.086679 0.452383 0.167140 0.986598 0.984893 0.520898 0.794487
0.727478 0.623282 0.560821 0.758254 0.771774 0.507920 0.355398 0.108079 0.501022 0.933306 0.607849 0.909807
0.708895 0.606807 0.809358 0.261353 0.444329 0.077135 0.684879 0.063977 0.148947 0.691150 0.061340 0.053819
0.520742 0.590145 0.233549 0.327019 0.962475 0.128595 0.376763 0.207169 0.829849 0.759945 0.211982 0.880902
0.254791 0.007961 0.432929 0.128478 0.078249 0.529581 0.311074 0.724380 0.027820 0.715697 0.842663 0.499582
0.276878 0.170906 0.882381 0.067638 0.831248 0.145216 0.399475 0.041021 0.207504 0.174640 0.657474 0.628159
0.139015 0.379595 0.278836 0.289479 0.155958 0.119237 0.770508 0.114981 0.531277 0.726683 0.342597 0.426314
0.224629 0.044003 0.373208 0.241309 0.221973 0.641588 0.859276 0.955753 0.661311 0.785993 0.782309 0.115427
0.917859 0.136559 0.461320 0.223786 0.491641 0.142050 0.144268 0.939545 0.746798 0.283528 0.695487 0.965960
0.368739 0.866445 0.918398 0.643303 0.990799 0.143212 0.407921 0.910319 0.103722 0.395732 0.832450 0.405234
0.380681 0.694163 0.718095 0.139407 0.752903 0.083182 0.091080 0.139365 0.864872 0.406553 0.944040 0.462056
0.217724 0.917864 0.587264 0.628513 0.769980 0.108599 0.144731 0.219261 0.347903 0.321410 0.300510 0.535306
0.630289 0.781811 0.346605 0.810581 0.296894 0.011992 0.852496 0.667123 0.306575 0.644380 0.524213 0.891975
0.313966 0.083719 0.480403 0.612811 0.129217 0.288338 0.380029 0.821309 0.101604 0.154838 0.119712 0.271379
0.924604 0.063821 0.389326 0.581218 0.574357 0.527501 0.882107 0.574239 0.977115 0.466015 0.980493 0.254784
0.677826 0.061117 0.386419 0.435668 0.738524 0.363067 0.236270 0.756520 0.973206 0.108063 0.816716 0.089634
0.631760 0.376879 0.759087 0.143412 0.654147 0.846555 0.592002 0.188961 0.345531 0.128300 0.393175 0.664777
0.199924 0.164366 0.922697 0.519703 0.673369 0.184202 0.300205 0.183973 0.786154 0.607986 0.804829 0.326776
0.414542 0.703118 0.450180 0.033321 0.394223 0.133165 0.878227 0.281407 0.991285 0.938511 0.351255 0.127669
0.803615 0.393317 0.198539 0.247763 0.982686 0.400642 0.217799 0.674806 0.021486 0.773902 0.384167 0.574312
0.924839 0.490688 0.305533 0.372371 0.892236 0.493764 0.805844 0.640825 0.353631 0.261524 0.683592 0.309190
0.187971 0.521356 0.320380 0.941141 0.702403 0.558191 0.144619 0.088100 0.532875 0.625742 0.888962 0.166519
0.418253 0.781017 0.873464 0.779454 0.519100 0.475530 0.287989 0.631651 0.255041 0.620301 0.934740 0.808435
0.441642 0.258378 0.198022 0.294564 0.035482 0.263317 0.582689 0.458065 0.676411 0.221286 0.603495 0.716742
0.070685 0.303798 0.072790 0.088628 0.129154 0.347134 0.562353 0.564430 0.351606 0.565491 0.887897 0.916173
0.466635 0.236723 0.390966 0.481013 0.198094 0.503025 0.079472 0.793800 0.284356 0.927897 0.061349 0.573496
0.986788 0.083810 0.018791 0.727463 0.051376 0.792932 0.982357 0.114903 0.975900 0.993963 0.559821 0.974994
0.815518 0.473930 0.831131 0.217991 0.875456 0.985679 0.591133 0.238271 0.619497 0.600985 0.922638 0.263811
0.905815 0.102727 0.323127 0.103408 0.992946 0.688207 0.465830 0.363777 0.256017 0.504266 0.657758 0.094062
0.591449 0.481948 0.739170 0.348636 0.526299 0.458782 0.949382 0.138234 0.417577 0.598264 0.479050 0.130696
0.299112 0.598094 0.928687 0.940705 0.366196 0.548464 0.884262 0.286266 0.612564 0.382238 0.587034 0.941109
0.307184 0.972901 0.606967 0.966314 0.300931 0.806024 0.069255 0.871482 0.870154 0.076108 0.186181 0.402988
0.780913 0.655551 0.942972 0.743183 0.659767 0.869032 0.183495 0.189666 0.442982 0.124980 0.408695 0.377341
0.190495 0.015330 0.773382 0.096332 0.840281 0.912264 0.049735 0.475746 0.372869 0.872130 0.699059 0.341780
0.433092 0.712796 0.800769 0.218583 0.198055 0.488248 0.451593 0.018678 0.689242 0.567037 0.087829 0.873458
0.897883 0.454085 0.391079 0.157263 0.899598 0.221649 0.731681 0.132559 0.432088 0.717171 0.637413 0.174686
0.684057 0.896856 0.507276 0.690173 0.109090 0.945269 0.153147 0.982918 0.056356 0.287607 0.190772 0.592035
0.919562 0.664842 0.819690 0.956514 0.537247 0.261012 0.518627 0.236578 0.632953 0.354568 0.458342 0.173774
0.426879 0.585908 0.541882 0.343267 0.340261 0.043360 0.367695 0.497246 0.969375 0.884139 0.778907 0.468304
0.530031 0.479562 0.158562 0.692508 0.028298 0.986402 0.432132 0.966397 0.684756 0.451958 0.779197 0.091369
0.959273 0.627519 0.537585 0.199067 0.450103 0.483363 0.572356 0.134532 0.279691 0.441516 0.376364 0.906096
0.401813 0.480424 0.342718 0.026977 0.550972 0.756823 0.753386 0.063680 0.407704 0.545153 0.804814 0.353729
0.399791 0.952400 0.312353 0.827526 0.581831 0.322346 0.315179 0.827540 0.767887 0.541611 0.020472 0.797798
0.049880 0.664263 0.683166 0.078646 0.784347 0.338108 0.521804 0.737590 0.230538 0.504723 0.386846 0.784398
0.044474 0.979358 0.497743 0.316884 0.240256 0.885232 0.555838 0.126037 0.064750 0.504519 0.396039 0.215719
0.281281 0.935573 0.308678 0.384563 0.568204 0.526718 0.295064 0.774902 0.312838 0.941692 0.173064 0.849148
0.831053 0.032209 0.307558 0.186597 0.087627 0.165492 0.750258 0.306197 0.273132 0.280143 0.987727 0.327701
0.109747 0.205955 0.263986 0.137934 0.939741 0.623214 0.101557 0.846260 0.390111 0.054043 0.424107 0.250918
0.102249 0.099097 0.263491 0.274543 0.566016 0.555830 0.720776 0.815573 0.701005 0.903908 0.881332 0.679307
0.448168 0.699842 0.767282 0.906480 0.491299 0.814503 0.611942 0.745768 0.257257 0.431829 0.409613 0.888155
0.130030 0.977816 0.997896 0.437216 0.389705 0.176990 0.873958 0.429216 0.738215 0.311261 0.650965 0.610587
0.404710 0.536595 0.760487 0.215247 0.207932 0.640267 0.990642 0.825810 0.849676 0.321622 0.506565 0.302156
0.619479 0.469547 0.312463 0.633952 0.893456 0.244770 0.544202 0.627869 0.852894 0.360417 0.935149 0.304914
0.393397 0.127550 0.292491 0.988834 0.756968 0.071175 0.635337 0.507176 0.648210 0.109946 0.810747 0.207051
0.043069 0.702081 0.558825 0.654552 0.352965 0.697486 0.838579 0.077954 0.873452 0.289822 0.151588 0.014790
0.964313 0.576884 0.682596 0.735127 0.120406 0.364639 0.866608 0.156945 0.691197 0.509423 0.289261 0.041091
0.194828 0.360658 0.296335 0.725595 0.874098 0.722558 0.393803 0.421350 0.618454 0.249654 0.423852 0.675998
0.372522 0.828123 0.470104 0.238953 0.118250 0.107204 0.571703 0.516804 0.768562 0.672584 0.306229 0.029300
0.206571 0.934953 0.260301 0.810453 0.009529 0.986344 0.536550 0.405757 0.309860 0.625963 0.919555 0.016637
0.055170 0.828237 0.373865 0.014823 0.500879 0.520572 0.338523 0.910463 0.715414 0.218538 0.313303 0.890627
0.965093 0.933006 0.708391 0.834656 0.014870 0.750988 0.760032 0.160211 0.599665 0.111708 0.717015 0.833826
0.385141 0.108442 0.080776 0.968476 0.473262 0.096223 0.815183 0.086814 0.187546 0.229641 0.585798 0.503641
0.183481 0.734629 0.316655 0.105580 0.817066 0.623282 0.224851 0.927921 0.227021 0.024801 0.240688 0.456227
0.066166 0.257297 0.709598 0.338160 0.178832 0.672180 0.383231 0.632618 0.307521 0.670368 0.789661 0.049736
0.345279 0.200642 0.651838 0.742361 0.718027 0.228730 0.606226 0.705073 0.917747 0.791598 0.072302 0.638579
0.445032 0.720747 0.584339 0.604730 0.666881 0.024496 0.549009 0.398061 0.498808 0.289953 0.909135 0.393528
0.222665 0.795656 0.543235 0.535163 0.436624 0.851586 0.459891 0.549117 0.816166 0.462252 0.199990 0.722153
0.261351 0.581689 0.515978 0.826634 0.876226 0.606279 0.564597 0.552590 0.606748 0.241410 0.256171 0.991566
0.459925 0.419904 0.733344 0.349515 0.391675 0.816849 0.407482 0.135635 0.437440 0.551943 0.549675 0.624079
0.213653 0.012631 0.685271 0.646285 0.004037 0.152890 0.963083 0.889251 0.610501 0.543887 0.239973 0.604903
0.030743 0.377818 0.646345 0.786011 0.722405 0.325486 0.723050 0.132885 0.887768 0.116680 0.537133 0.624898
0.187923 0.822723 0.382101 0.353999 0.665412 0.076459 0.864614 0.723504 0.892466 0.877596 0.574014 0.587465
0.787688 0.230010 0.150856 0.416057 0.040830 0.157637 0.342785 0.715743 0.652139 0.540353 0.697860 0.146545
0.901272 0.100786 0.834973 0.323694 0.128077 0.469428 0.546426 0.297622 0.449528 0.953389 0.989413 0.547829
0.051170 0.328656 0.707651 0.478280 0.948223 0.894191 0.833100 0.058204 0.518173 0.234845 0.975317 0.718127
0.933467 0.377825 0.299515 0.862033 0.220617 0.132795 0.418998 0.976291 0.033582 0.491248 0.936973 0.885497
0.475695 0.227016 0.326011 0.793739 0.309358 0.453977 0.750183 0.634885 0.649227 0.830724 0.160160 0.344796
0.088376 0.032342 0.537792 0.959634 0.916635 0.565080 0.488940 0.182031 0.461936 0.276614 0.254957 0.487328
0.030365 0.973533 0.604570 0.572696 0.073256 0.811259 0.196295 0.133785 0.870035 0.230693 0.565231 0.788134
0.035349 0.974218 0.923543 0.978573 0.960737 0.305902 0.241209 0.299912 0.304561 0.309237 0.393997 0.396136
0.401300 0.312336 0.740653 0.347474 0.052564 0.118317 0.884119 0.341367 0.812800 0.308452 0.388716 0.432551
0.321562 0.709136 0.475171 0.359785 0.336584 0.952760 0.642653 0.735560 0.677814 0.306850 0.411183 0.703504
0.228661 0.637504 0.853371 0.566860 0.597167 0.076812 0.990325 0.099998 0.293015 0.162700 0.736438 0.222767
0.972431 0.654152 0.620474 0.740310 0.934705 0.358270 0.644382 0.346082 0.958882 0.507772 0.763819 0.712895
0.169796 0.510382 0.829140 0.101746 0.589087 0.720615 0.217765 0.231142 0.830568 0.906166 0.316986 0.258970
0.826182 0.866961 0.096280 0.875329 0.379955 0.899693 0.169505 0.557712 0.920116 0.263209 0.832045 0.622267
0.871691 0.905555 0.034641 0.784168 0.295503 0.494823 0.635281 0.216647 0.833323 0.758257 0.271208 0.295244
0.415169 0.764611 0.563354 0.382581 0.795888 0.002754 0.243922 0.783358 0.795717 0.441253 0.391773 0.083183
0.294332 0.453429 0.308553 0.056455 0.982954 0.708389 0.545011 0.633195 0.939462 0.987084 0.796330 0.555561
0.233207 0.950458 0.418169 0.762552 0.987402 0.783144 0.871733 0.425824 0.282669 0.121511 0.519823 0.074757
0.099655 0.341659 0.766770 0.927642 0.508275 0.876538 0.674960 0.231270 0.578074 0.208903 0.139115 0.789162
0.434548 0.811904 0.158054 0.062404 0.220247 0.869764 0.187526 0.604806 0.524176 0.009328 0.226969 0.299122
0.633349 0.453625 0.700767 0.305367 0.288335 0.988506 0.088220 0.869239 0.284175 0.028829 0.655575 0.455501
0.479115 0.925160 0.700753 0.578023 0.134900 0.339402 0.364864 0.163218 0.401020 0.347382 0.083300 0.631139
0.003123 0.667067 0.037207 0.108676 0.706526 0.742813 0.143913 0.570491 0.349241 0.343356 0.831176 0.301893
0.197512 0.320011 0.391202 0.637307 0.585700 0.076811 0.385643 0.264339 0.896506 0.425219 0.870234 0.370215
0.725425 0.655837 0.251471 0.625154 0.034306 0.148215 0.459414 0.059515 0.386001 0.294939 0.177071 0.157204
0.311138 0.982089 0.731767 0.424676 0.774232 0.929986 0.120283 0.706685 0.279412 0.401416 0.973801 0.866830
0.105172 0.273700 0.772101 0.789764 0.860349 0.298594 0.825596 0.246510 0.743233 0.494540 0.253569 0.443638
0.372142 0.548592 0.500432 0.339736 0.917099 0.827979 0.104967 0.421232 0.397474 0.375919 0.672757 0.509176
0.328267 0.971358 0.571865 0.667310 0.041825 0.289306 0.609926 0.763281 0.083546 0.857732 0.571897 0.533950
0.241138 0.606791 0.186020 0.731996 0.665017 0.711695 0.507616 0.340595 0.608239 0.994444 0.588043 0.239852
0.966443 0.167064 0.782645 0.970954 0.640402 0.270363 0.239304 0.588987 0.996798 0.157912 0.108351 0.765563
0.021113 0.695321 0.947822 0.687107 0.487869 0.992125 0.584246 0.591806 0.170526 0.532152 0.563537 0.880385
0.798023 0.419947 0.644745 0.736904 0.159977 0.827147 0.843399 0.271478 0.525616 0.944242 0.640968 0.195037
0.911895 0.777449 0.016098 0.794037 0.548965 0.306696 0.035666 0.932883 0.130673 0.274107 0.887100 0.874655
0.325872 0.454392 0.599084 0.999296 0.903447 0.065433 0.203036 0.675638 0.612314 0.502861 0.899526 0.298512
0.006806 0.138079 0.591719 0.904222 0.842246 0.444305 0.568946 0.814805 0.923652 0.952192 0.033652 0.345424
0.088159 0.438733 0.257424 0.964339 0.150177 0.761409 0.032603 0.851980 0.420126 0.556982 0.918155 0.476295
0.108458 0.086706 0.127692 0.843513 0.616011 0.760646 0.088432 0.020490 0.664999 0.140887 0.364494 0.821164
0.254716 0.732232 0.280022 0.587805 0.552205 0.117018 0.049416 0.868806 0.065827 0.711712 0.729288 0.739594
0.853386 0.870507 0.757190 0.224574 0.441686 0.665138 0.797675 0.435203 0.785723 0.415672 0.199363 0.206243
0.628312 0.390559 0.398826 0.879479 0.064659 0.134700 0.613280 0.091536 0.976288 0.257854 0.729060 0.036213
0.636055 0.861896 0.443229 0.071902 0.788593 0.696262 0.195516 0.936956 0.318814 0.486263 0.110499 0.202222
0.425524 0.079637 0.613156 0.711242 0.796267 0.713479 0.314342 0.092130 0.993008 0.339903 0.842526 0.895572
0.967350 0.396919 0.919905 0.469660 0.944996 0.892320 0.097232 0.808304 0.627173 0.021028 0.569954 0.206459
0.310799 0.110357 0.241357 0.152486 0.918675 0.814763 0.049424 0.786296 0.798268 0.837186 0.574428 0.097443
0.800688 0.844997 0.279296 0.095833 0.864198 0.323170 0.002798 0.887279 0.660427 0.910356 0.533630 0.609771
0.056575 0.460270 0.670136 0.167942 0.915689 0.950654 0.317511 0.767756 0.910505 0.713824 0.723996 0.858366
0.475218 0.441927 0.673799 0.690840 0.290098 0.039196 0.269602 0.198355 0.001362 0.245048 0.968768 0.467603
0.205042 0.387518 0.242386 0.934188 0.605199 0.876618 0.471650 0.896368 0.938521 0.266135 0.606605 0.883652
0.265939 0.642937 0.035220 0.880815 0.053158 0.608216 0.466190 0.111079 0.745660 0.203007 0.968149 0.089901
0.752257 0.562177 0.639620 0.808010 0.951370 0.022984 0.826564 0.966046 0.518171 0.451792 0.997508 0.023585
0.332395 0.353101 0.236385 0.354189 0.149245 0.625693 0.192047 0.902308 0.620572 0.524293 0.758431 0.560804
0.473742 0.624847 0.003083 0.032458 0.360711 0.032247 0.700455 0.972111 0.095534 0.524953 0.682405 0.963719
0.226305 0.299175 0.127021 0.897407 0.379717 0.032846 0.703188 0.140793 0.316025 0.617261 0.595791 0.704978
0.439232 0.346473 0.830679 0.671299 0.780302 0.276426 0.068751 0.538009 0.317178 0.778160 0.063160 0.373007
0.910628 0.817966 0.114495 0.847955 0.511654 0.982507 0.005252 0.529576 0.382235 0.628940 0.232869 0.239721
0.106837 0.146914 0.030663 0.274000 0.334576 0.162979 0.679474 0.122133 0.985578 0.014832 0.853144 0.585922
0.595016 0.162028 0.740686 0.495255 0.957220 0.338110 0.289346 0.988136 0.824108 0.506439 0.046952 0.872457
0.126933 0.232445 0.976049 0.565793 0.420993 0.389943 0.208191 0.468924 0.064110 0.595591 0.956546 0.358576
0.908455 0.874319 0.493886 0.709337 0.831343 0.490371 0.526922 0.625368 0.256366 0.338457 0.163448 0.860607
0.467259 0.435958 0.090887 0.240791 0.688807 0.215603 0.665890 0.389895 0.786966 0.309559 0.535349 0.381292
0.083405 0.859987 0.842222 0.484712 0.481547 0.896979 0.767754 0.308294 0.742985 0.319175 0.736970 0.995225
0.551209 0.028961 0.090921 0.895676 0.327214 0.356419 0.417516 0.575885 0.849126 0.627367 0.848877 0.269437
0.191496 0.290695 0.793076 0.672785 0.337213 0.369072 0.975114 0.919092 0.936719 0.835195 0.958382 0.226614
0.575915 0.501913 0.947616 0.782197 0.851339 0.202824 0.591300 0.063183 0.508993 0.711496 0.631947 0.543410
0.392410 0.096814 0.865426 0.594657 0.532563 0.467077 0.755523 0.873176 0.974840 0.580199 0.260774 0.801819
0.794466 0.628102 0.246671 0.436657 0.274024 0.930813 0.338348 0.092745 0.333187 0.004332 0.881621 0.213457
0.213170 0.614907 0.969549 0.068148 0.674760 0.318652 0.119384 0.770575 0.496767 0.878082 0.188409 0.360954
0.560866 0.271822 0.816195 0.999753 0.882204 0.611423 0.388857 0.760924 0.709004 0.566233 0.293725 0.193486
0.761239 0.524486 0.252482 0.059266 0.417870 0.217208 0.332958 0.084011 0.916784 0.259831 0.722047 0.658855
0.291094 0.719292 0.480225 0.280066 0.584828 0.199656 0.223455 0.839895 0.979812 0.442821 0.857713 0.542763
0.960167 0.635089 0.427361 0.239414 0.082512 0.090020 0.417738 0.802629 0.153525 0.610415 0.574029 0.730464
0.829095 0.425974 0.402605 0.108053 0.540837 0.213999 0.257386 0.941992 0.737400 0.757891 0.737573 0.588518
0.919449 0.889131 0.550229 0.569657 0.026865 0.736904 0.574463 0.501166 0.375972 0.073367 0.764032 0.832715
0.512510 0.506216 0.809442 0.102456 0.033978 0.668726 0.327925 0.979021 0.991534 0.637737 0.661607 0.692834
0.410167 0.122877 0.603639 0.900425 0.576705 0.849269 0.268016 0.876576 0.112394 0.754822 0.660374 0.279107
0.177460 0.950818 0.438504 0.032162 0.784687 0.915243 0.317094 0.368963 0.967951 0.156677 0.314744 0.985515
0.931972 0.339235 0.931053 0.431224 0.090376 0.724470 0.479427 0.385817 0.446706 0.994162 0.347743 0.404931
0.890770 0.838229 0.262489 0.901662 0.561042 0.553055 0.989151 0.195225 0.568675 0.478477 0.015411 0.430755
0.640659 0.809870 0.663731 0.024514 0.570261 0.609237 0.906002 0.750806 0.412216 0.981300 0.802837 0.951962
0.663992 0.276825 0.268950 0.666630 0.546640 0.114093 0.114917 0.504970 0.961258 0.783908 0.831802 0.334255
0.250988 0.714311 0.649682 0.608934 0.320250 0.067804 0.435860 0.728107 0.538938 0.647063 0.105891 0.808261
0.870371 0.145305 0.093668 0.864211 0.643260 0.324858 0.256268 0.363228 0.063375 0.284410 0.659320 0.726319
0.802003 0.470106 0.583294 0.643964 0.358100 0.507109 0.494039 0.465133 0.270235 0.356714 0.580911 0.837761
0.577241 0.717315 0.362951 0.608067 0.176841 0.472048 0.717243 0.779627 0.520819 0.807197 0.532062 0.003516
0.539901 0.715796 0.910351 0.380520 0.820309 0.525239 0.900130 0.359608 0.922511 0.641618 0.730264 0.051411
0.623841 0.964892 0.073838 0.791584 0.619713 0.330099 0.208270 0.474781 0.678675 0.509456 0.570304 0.581694
0.100010 0.270339 0.215443 0.245329 0.407699 0.716867 0.647989 0.034724 0.751044 0.832741 0.550603 0.966438
0.180202 0.481736 0.709986 0.451523 0.814735 0.374706 0.761726 0.943224 0.406705 0.550450 0.646574 0.442365
0.603044 0.285184 0.575043 0.738296 0.116350 0.412046 0.335655 0.795016 0.386802 0.449326 0.176528 0.660511
0.234823 0.535169 0.219877 0.511010 0.186874 0.900571 0.443927 0.140209 0.497053 0.312328 0.832446 0.409395
0.618179 0.940395 0.773070 0.536802 0.531740 0.635257 0.084325 0.756723 0.386171 0.173857 0.251726 0.017700
0.185915 0.375300 0.110249 0.177629 0.184833 0.997802 0.760926 0.272017 0.790881 0.096022 0.499434 0.291367
0.447525 0.196708 0.089510 0.152379 0.232070 0.698893 0.363185 0.075804 0.217641 0.487710 0.005467 0.026522
0.115691 0.755331 0.740395 0.020078 0.978398 0.935561 0.028851 0.452334 0.807257 0.474652 0.239739 0.219486
0.539280 0.744297 0.222664 0.337976 0.939989 0.870981 0.113707 0.868362 0.469515 0.067738 0.584502 0.363212
0.696157 0.879309 0.841882 0.553258 0.657598 0.280298 0.276971 0.314931 0.516934 0.968665 0.369430 0.823318
0.987794 0.889610 0.876712 0.310678 0.819844 0.628928 0.989168 0.768177 0.049937 0.134620 0.732959 0.168270
0.014517 0.427083 0.175329 0.446969 0.729220 0.068589 0.644999 0.078703 0.179440 0.573243 0.450682 0.853103
0.941588 0.516767 0.300225 0.560520 0.261937 0.890938 0.972678 0.254214 0.022156 0.876604 0.587508 0.311084
0.574944 0.333155 0.052545 0.622784 0.392624 0.777197 0.876989 0.450993 0.432104 0.932461 0.839547 0.042284
0.895102 0.427743 0.369268 0.645715 0.063197 0.338411 0.898082 0.911989 0.070958 0.572434 0.375616 0.287405
0.122397 0.795193 0.367729 0.242561 0.594375 0.346076 0.667921 0.484193 0.420608 0.977047 0.844943 0.082047
0.572344 0.636233 0.127779 0.038355 0.235480 0.083656 0.139300 0.808754 0.939929 0.194411 0.300062 0.805712
0.200522 0.557301 0.618095 0.036221 0.558343 0.539771 0.922355 0.172873 0.526051 0.162289 0.324845 0.582834
0.286929 0.175530 0.022983 0.973546 0.777992 0.767319 0.007017 0.981299 0.800564 0.628259 0.252332 0.729659
0.961781 0.183437 0.419893 0.534613 0.372411 0.023955 0.851294 0.990582 0.941125 0.485239 0.470554 0.122816
0.955089 0.801612 0.076528 0.182783 0.552128 0.370491 0.091124 0.129239 0.758523 0.281067 0.887421 0.253851
0.353974 0.102762 0.023792 0.460265 0.859491 0.684141 0.956378 0.058607 0.993098 0.643768 0.536420 0.487107
0.010466 0.009799 0.801621 0.804407 0.467806 0.113664 0.907381 0.217909 0.338088 0.585269 0.360893 0.756013
0.820377 0.806781 0.839614 0.153815 0.090608 0.565920 0.335154 0.355620 0.880848 0.705763 0.244527 0.021384
0.133789 0.687937 0.386212 0.986213 0.371920 0.258495 0.673501 0.777546 0.489628 0.563438 0.301727 0.402031
0.966456 0.280957 0.743697 0.911890 0.574617 0.061182 0.760518 0.050303 0.187422 0.084624 0.335387 0.942557
0.001274 0.288223 0.770503 0.468157 0.365101 0.985600 0.186500 0.331116 0.928417 0.654139 0.369863 0.355000
0.507277 0.314453 0.033380 0.071851 0.497971 0.973161 0.835738 0.415942 0.044775 0.006520 0.499272 0.709079
0.108958 0.035911 0.273079 0.206079 0.893198 0.681239 0.477351 0.193482 0.037316 0.605033 0.978202 0.857999
0.300515 0.595010 0.473298 0.628941 0.813816 0.550668 0.185307 0.390571 0.435365 0.076413 0.228280 0.676165
0.022979 0.211231 0.217351 0.985920 0.429833 0.037830 0.397525 0.363049 0.636896 0.854674 0.423867 0.735663
0.368883 0.639988 0.237894 0.972449 0.900395 0.925390 0.493335 0.876088 0.647493 0.399764 0.716063 0.979237
0.268296 0.310636 0.763967 0.588835 0.284878 0.107191 0.171933 0.580070 0.362005 0.846755 0.266352 0.337153
0.766413 0.868197 0.493244 0.815244 0.047272 0.495846 0.904960 0.311615 0.728942 0.288870 0.416601 0.943367
0.927093 0.147421 0.673141 0.759427 0.284681 0.367057 0.132953 0.480353 0.501555 0.292245 0.200514 0.473548
0.910302 0.954740 0.954143 0.699196 0.641377 0.654084 0.313837 0.168945 0.223363 0.149574 0.057325 0.723144
0.724469 0.201910 0.382977 0.727734 0.144393 0.319763 0.336895 0.485549 0.626916 0.097518 0.704628 0.263397
0.884477 0.340319 0.581095 0.420762 0.975173 0.790964 0.499654 0.100608 0.652631 0.337535 0.195684 0.895059
0.395412 0.964051 0.126997 0.418777 0.512027 0.414295 0.162582 0.331957 0.102501 0.919904 0.113544 0.319889
0.858383 0.208372 0.692813 0.984723 0.154753 0.708792 0.992538 0.513059 0.578671 0.590244 0.250534 0.438324
0.055884 0.175895 0.359367 0.888496 0.999671 0.858415 0.506415 0.853826 0.398615 0.350147 0.978874 0.640525
0.408234 0.219785 0.765051 0.951829 0.991748 0.430373 0.460485 0.415672 0.104965 0.593916 0.049867 0.705838
0.440683 0.645213 0.456320 0.898892 0.714741 0.184246 0.719164 0.573748 0.761156 0.364253 0.584586 0.969211
0.565807 0.417046 0.545104 0.497359 0.914388 0.715922 0.569133 0.582685 0.871363 0.601400 0.461425 0.546966
0.027922 0.342828 0.131415 0.185598 0.588258 0.620928 0.119188 0.005177 0.260147 0.389913 0.703942 0.324937
0.656106 0.912633 0.817970 0.145022 0.313974 0.825757 0.263190 0.863528 0.622077 0.246608 0.065697 0.613878
0.179644 0.760374 0.910086 0.605771 0.619216 0.710557 0.606945 0.009318 0.787214 0.928688 0.604776 0.582793
0.452440 0.729828 0.910055 0.378853 0.548879 0.788844 0.890826 0.948146 0.254759 0.530485 0.755387 0.781901
0.579386 0.027136 0.889118 0.968078 0.411032 0.643467 0.678062 0.529884 0.948759 0.481319 0.547799 0.405437
0.654886 0.916976 0.259121 0.325714 0.842465 0.303400 0.045390 0.821430 0.947181 0.365472 0.049604 0.333414
0.256431 0.719210 0.046454 0.499840 0.087256 0.080784 0.812257 0.016964 0.890222 0.800943 0.585893 0.222138
0.787054 0.210807 0.589171 0.793989 0.762239 0.841818 0.146528 0.828347 0.083277 0.666264 0.204178 0.787341
0.181808 0.871965 0.153326 0.697552 0.517164 0.887658 0.606038 0.720981 0.466917 0.245816 0.641535 0.152172
0.540886 0.346373 0.883655 0.700606 0.627639 0.577271 0.003779 0.601175 0.567490 0.218404 0.233552 0.590315
0.524558 0.143640 0.396195 0.727559 0.842925 0.602615 0.630520 0.596447 0.710449 0.905424 0.591605 0.935090
0.589294 0.673035 0.882629 0.991144 0.575354 0.207716 0.005468 0.649948 0.816047 0.593486 0.107498 0.760486
0.477802 0.764285 0.872827 0.338285 0.687191 0.802367 0.431349 0.145096 0.369835 0.921100 0.427156 0.549275
0.014516 0.595019 0.351093 0.704269 0.674112 0.198409 0.431248 0.891183 0.713580 0.799342 0.487300 0.166662
0.435828 0.790634 0.117320 0.122548 0.300162 0.558538 0.150193 0.312098 0.155375 0.757561 0.183334 0.843883
0.589646 0.025149 0.711294 0.360807 0.126489 0.409174 0.699552 0.389688 0.680433 0.277219 0.453328 0.423963
0.114099 0.722967 0.320054 0.694077 0.799816 0.514218 0.113440 0.923357 0.387948 0.474254 0.283794 0.928630
0.565788 0.531392 0.358538 0.571518 0.171061 0.008484 0.243614 0.560623 0.340762 0.033125 0.031500 0.298632
0.897559 0.479870 0.419248 0.240153 0.185663 0.295205 0.786394 0.139831 0.224811 0.797777 0.375553 0.726469
0.139614 0.954004 0.421324 0.519235 0.127191 0.970597 0.049346 0.352953 0.850814 0.291753 0.225486 0.283185
0.124681 0.160427 0.931947 0.999356 0.288681 0.286284 0.403042 0.397772 0.822324 0.946703 0.159754 0.291818
0.868121 0.754487 0.824233 0.381395 0.194068 0.824295 0.480644 0.561357 0.200590 0.774422 0.599293 0.370415
0.430200 0.276568 0.765338 0.405549 0.489666 0.715715 0.696960 0.587199 0.261350 0.933767 0.239377 0.329412
0.194299 0.395377 0.125621 0.673757 0.594814 0.630243 0.215616 0.589656 0.692192 0.759506 0.077304 0.806430
0.568344 0.901878 0.069494 0.231158 0.229246 0.673052 0.573826 0.544322 0.200873 0.119529 0.632727 0.384529
0.441465 0.795963 0.288989 0.445638 0.741119 0.686151 0.884815 0.040314 0.625040 0.548504 0.558527 0.285108
0.376137 0.563281 0.106895 0.063087 0.910507 0.657494 0.815746 0.126382 0.683741 0.727474 0.477839 0.968454
0.168990 0.507296 0.813867 0.771676 0.951083 0.338732 0.579022 0.444742 0.390838 0.277390 0.580031 0.340135
0.639641 0.096833 0.607877 0.934970 0.579111 0.041085 0.056141 0.179136 0.451714 0.219634 0.425402 0.157983
0.586122 0.543879 0.498807 0.764355 0.032535 0.685238 0.411133 0.731812 0.713810 0.043540 0.851358 0.888608
0.449527 0.142506 0.530969 0.328595 0.258372 0.685141 0.570585 0.976471 0.876121 0.518025 0.460520 0.356381
0.275074 0.945022 0.921690 0.124052 0.216222 0.990327 0.917872 0.061018 0.493490 0.729083 0.808477 0.456752
0.480186 0.635279 0.113941 0.636925 0.413849 0.058577 0.182601 0.319127 0.074098 0.045801 0.314169 0.882156
0.128673 0.186791 0.644998 0.612687 0.517615 0.209806 0.327490 0.311723 0.493951 0.337686 0.482796 0.610419
0.842128 0.813785 0.038659 0.207654 0.881817 0.518601 0.335617 0.277675 0.921841 0.903534 0.554332 0.836522
0.052644 0.604475 0.326708 0.804023 0.032363 0.966743 0.760846 0.604728 0.193178 0.195052 0.600288 0.668675
