0.110240 0.899795 0.165631 0.505992 0.281235 0.580565 0.468304 0.835533 0.455706 0.396299 0.203444 0.615537
0.121606 0.259456 0.987249 0.959564 0.493447 0.758748 0.365987 0.427528 0.711708 0.232260 0.293514 0.503796
0.054619 0.935253 0.984016 0.227824 0.590060 0.247598 0.859961 0.881199 0.008632 0.595742 0.574903 0.115400
0.090928 0.581886 0.803981 0.376184 0.321642 0.157896 0.227637 0.880441 0.836310 0.505990 0.154976 0.721251
0.542375 0.972575 0.320020 0.907412 0.240683 0.462580 0.478158 0.975451 0.849197 0.718839 0.194888 0.087941
0.877263 0.499117 0.736912 0.645744 0.735204 0.145283 0.651331 0.992652 0.449902 0.475259 0.058917 0.630767
0.801840 0.292732 0.634434 0.288995 0.931508 0.009332 0.052705 0.112000 0.797759 0.066279 0.246297 0.581574
0.415108 0.927089 0.561643 0.747510 0.894451 0.830947 0.557483 0.617304 0.923461 0.051461 0.967570 0.706039
0.800764 0.300485 0.341060 0.619143 0.467847 0.424756 0.769730 0.689233 0.106008 0.782262 0.210169 0.570040
0.436933 0.539745 0.170213 0.235786 0.914592 0.610541 0.711172 0.126278 0.606148 0.315288 0.006316 0.434441
0.992054 0.441522 0.520526 0.119798 0.865620 0.700845 0.148488 0.166371 0.832557 0.944840 0.729065 0.529863
0.577957 0.680602 0.082881 0.146712 0.871649 0.992979 0.417435 0.906057 0.936700 0.308916 0.378252 0.611917
0.261731 0.778872 0.413521 0.224427 0.046467 0.252406 0.864022 0.201707 0.087520 0.336583 0.904453 0.880648
0.024416 0.087425 0.684044 0.932789 0.339880 0.494743 0.747452 0.600778 0.072263 0.317270 0.407739 0.179033
0.348502 0.672288 0.452142 0.753585 0.115170 0.253369 0.622277 0.945220 0.910259 0.102581 0.978401 0.239610
0.692464 0.912153 0.524155 0.459629 0.996361 0.132142 0.632692 0.703173 0.154173 0.515965 0.473469 0.063589
0.710162 0.275597 0.667833 0.618618 0.554447 0.284920 0.810492 0.947139 0.176039 0.033520 0.677706 0.359313
0.988242 0.988939 0.405875 0.685648 0.182032 0.939884 0.111145 0.523098 0.556442 0.637962 0.635832 0.504821
0.571476 0.979205 0.999506 0.854613 0.487129 0.058482 0.700280 0.142261 0.400520 0.973679 0.421884 0.676056
0.332084 0.736398 0.088468 0.794728 0.678988 0.632446 0.507697 0.817430 0.814681 0.259517 0.385424 0.612288
0.261123 0.316298 0.423470 0.905504 0.531997 0.288122 0.278248 0.474595 0.525414 0.927805 0.577179 0.120250
0.933565 0.290116 0.604235 0.746236 0.507910 0.453560 0.902317 0.516834 0.986691 0.985253 0.892126 0.019040
0.272562 0.833128 0.361306 0.289441 0.520872 0.277535 0.982497 0.185623 0.951370 0.365656 0.173545 0.808719
0.993870 0.855495 0.864014 0.014121 0.894662 0.238038 0.753338 0.194251 0.328516 0.967087 0.853232 0.162149
0.106259 0.261488 0.973125 0.370090 0.814927 0.678991 0.270341 0.874420 0.981591 0.290009 0.201420 0.767812
0.463451 0.291564 0.820675 0.944949 0.780711 0.777832 0.994345 0.919536 0.993846 0.484718 0.324504 0.419657
0.230557 0.351389 0.268543 0.986471 0.650401 0.826473 0.705557 0.483392 0.982689 0.649367 0.657598 0.923219
0.786259 0.379540 0.960024 0.286147 0.898833 0.832092 0.913150 0.286871 0.010941 0.316877 0.429099 0.054149
0.122676 0.549159 0.334335 0.815483 0.577483 0.645139 0.596105 0.693796 0.458098 0.606543 0.976762 0.787936
0.767004 0.885103 0.951601 0.672382 0.107526 0.218821 0.431606 0.712178 0.768251 0.790327 0.672292 0.728566
0.619888 0.642138 0.039146 0.698067 0.781223 0.030947 0.488930 0.415985 0.288784 0.178536 0.474622 0.740513
0.883155 0.832735 0.704075 0.147877 0.603932 0.384312 0.132031 0.447249 0.016648 0.595900 0.970339 0.063539
0.158102 0.629644 0.038756 0.412991 0.873730 0.404630 0.022406 0.587458 0.798016 0.163577 0.029869 0.715882
0.801905 0.067508 0.038438 0.779353 0.302707 0.099399 0.009747 0.189199 0.971133 0.016056 0.235596 0.766395
0.524764 0.688865 0.237563 0.934016 0.265677 0.226039 0.887281 0.243654 0.148083 0.908325 0.385872 0.117669
0.040200 0.594997 0.899377 0.296549 0.682386 0.583219 0.665608 0.072879 0.067665 0.265435 0.697339 0.019103
0.390851 0.128878 0.391363 0.763497 0.446237 0.115273 0.624267 0.674722 0.422777 0.092453 0.442343 0.570305
0.760937 0.376207 0.052720 0.724061 0.009103 0.870983 0.967134 0.327347 0.006066 0.071197 0.524296 0.175098
0.239763 0.413439 0.840006 0.633783 0.578922 0.873185 0.627772 0.503950 0.281190 0.465567 0.387297 0.752156
0.508132 0.250375 0.550214 0.835211 0.900558 0.709138 0.958647 0.525790 0.853197 0.628701 0.803760 0.326500
0.698258 0.639899 0.238582 0.698937 0.331115 0.666512 0.747221 0.168231 0.616471 0.556878 0.232548 0.231810
0.231426 0.209181 0.434469 0.571412 0.241324 0.060665 0.441546 0.017783 0.730856 0.069895 0.844003 0.857976
0.308545 0.923610 0.145282 0.755183 0.758497 0.068771 0.481699 0.434523 0.884046 0.831530 0.473402 0.037981
0.676405 0.818917 0.056478 0.397182 0.295681 0.674042 0.120684 0.795613 0.684258 0.743554 0.624054 0.106517
0.430674 0.755302 0.577202 0.313835 0.517750 0.086247 0.536544 0.717381 0.963597 0.507685 0.229332 0.188574
0.914804 0.595900 0.952614 0.589709 0.927819 0.104069 0.966742 0.038225 0.438073 0.696302 0.221839 0.450221
0.259487 0.133713 0.664115 0.954790 0.130750 0.158899 0.427209 0.173048 0.284442 0.628699 0.423603 0.043743
0.005317 0.405095 0.366534 0.424382 0.654273 0.437293 0.069749 0.343507 0.520514 0.247335 0.114514 0.272730
0.785871 0.515210 0.258377 0.470969 0.103299 0.949987 0.359697 0.015335 0.260102 0.549191 0.263165 0.838033
0.213746 0.155769 0.116384 0.801680 0.167356 0.139637 0.915933 0.736805 0.567438 0.552318 0.794775 0.009293
0.783037 0.547539 0.397451 0.527015 0.402330 0.162631 0.471171 0.179729 0.871942 0.259242 0.048199 0.575924
0.217079 0.658063 0.339448 0.986008 0.773685 0.588528 0.540457 0.709844 0.840917 0.440841 0.005909 0.545982
0.621119 0.791177 0.707760 0.668900 0.851374 0.844056 0.789398 0.200628 0.869947 0.137587 0.885594 0.984891
0.259078 0.496169 0.551870 0.678382 0.900411 0.619524 0.933056 0.819271 0.517319 0.007867 0.980775 0.337755
0.824990 0.097996 0.537430 0.881481 0.723350 0.291568 0.104578 0.187907 0.221270 0.001069 0.122469 0.030396
0.304805 0.727609 0.524627 0.974849 0.618125 0.488759 0.414289 0.774469 0.816911 0.341059 0.884507 0.997536
0.891851 0.885926 0.007105 0.093434 0.749234 0.374898 0.008703 0.111275 0.446847 0.550698 0.595480 0.983271
0.725801 0.409823 0.544900 0.071519 0.964485 0.973058 0.119376 0.255450 0.971699 0.758440 0.599735 0.938345
0.586716 0.823598 0.428380 0.480543 0.209035 0.457040 0.873622 0.288735 0.222188 0.746528 0.991423 0.186085
0.424098 0.839076 0.098222 0.922023 0.690677 0.871095 0.153069 0.518905 0.461346 0.212046 0.116375 0.447463
0.329252 0.962541 0.306953 0.535449 0.335489 0.344008 0.756714 0.068581 0.439000 0.673892 0.779252 0.556371
0.284099 0.922177 0.211961 0.394506 0.337851 0.128270 0.227250 0.311100 0.141518 0.972941 0.594838 0.397019
0.068292 0.678111 0.038523 0.792732 0.977871 0.521177 0.626072 0.472900 0.731659 0.749341 0.972783 0.722294
0.645693 0.439183 0.917767 0.820886 0.660475 0.890993 0.819287 0.622248 0.183117 0.925321 0.824411 0.550651
0.540672 0.172747 0.952372 0.962355 0.149352 0.300993 0.851926 0.665308 0.554449 0.100577 0.198527 0.638856
0.137018 0.871412 0.079526 0.011136 0.681521 0.811119 0.538737 0.092465 0.637994 0.001951 0.476612 0.836755
0.228341 0.934584 0.637643 0.417506 0.835014 0.595712 0.731736 0.304324 0.924081 0.448010 0.217353 0.570890
0.107034 0.853373 0.593259 0.431849 0.796293 0.729153 0.720863 0.772695 0.886232 0.232904 0.331226 0.851970
0.537418 0.372860 0.350077 0.265778 0.607991 0.742597 0.183302 0.040597 0.920652 0.779066 0.199408 0.230132
0.236260 0.535502 0.810711 0.717482 0.067878 0.080319 0.375318 0.479787 0.739056 0.685196 0.790936 0.406267
0.450560 0.695790 0.492694 0.711031 0.010284 0.492757 0.902353 0.461863 0.189009 0.865767 0.231268 0.089170
0.003103 0.288361 0.745961 0.412683 0.753359 0.976511 0.261194 0.433554 0.831935 0.290374 0.192257 0.738787
0.702140 0.122502 0.786041 0.098535 0.168891 0.607778 0.860686 0.694537 0.462211 0.070857 0.548838 0.287108
0.697819 0.688021 0.873082 0.328446 0.288954 0.427017 0.076465 0.658140 0.036323 0.945601 0.448406 0.758228
0.243779 0.153048 0.458275 0.701376 0.802202 0.791940 0.650338 0.427357 0.371515 0.084285 0.030380 0.744626
0.786926 0.528244 0.258866 0.417424 0.101586 0.619653 0.321250 0.344687 0.646791 0.662589 0.424551 0.934695
0.870642 0.831339 0.039029 0.141268 0.613950 0.927761 0.456233 0.200693 0.473082 0.499348 0.560264 0.144554
0.678450 0.765927 0.513305 0.948414 0.830142 0.875071 0.888746 0.258823 0.748249 0.832815 0.475078 0.202001
0.411106 0.754333 0.137293 0.872385 0.526636 0.794035 0.510335 0.497482 0.413281 0.956646 0.900800 0.728015
0.342575 0.578981 0.935876 0.128745 0.674625 0.827667 0.410462 0.641745 0.711376 0.010921 0.535182 0.919704
0.699729 0.389263 0.612875 0.774844 0.841390 0.127699 0.540343 0.973899 0.423707 0.355773 0.931484 0.696078
0.214193 0.582009 0.676843 0.369559 0.731040 0.659305 0.091841 0.808232 0.215485 0.971948 0.078308 0.462003
0.133684 0.438144 0.976673 0.281612 0.765546 0.595573 0.579749 0.590184 0.271650 0.111482 0.427271 0.497536
0.684963 0.838207 0.749367 0.779195 0.434531 0.407842 0.264428 0.395050 0.184480 0.730939 0.284134 0.342978
0.811226 0.166533 0.244071 0.138809 0.473034 0.337682 0.373427 0.788234 0.200810 0.268858 0.595064 0.431091
0.266037 0.719823 0.848364 0.246514 0.191340 0.060917 0.877961 0.590653 0.420095 0.982004 0.771511 0.611512
0.238882 0.993151 0.978766 0.906674 0.161427 0.556135 0.771776 0.595298 0.050992 0.465807 0.803486 0.487071
0.050543 0.376309 0.924673 0.750636 0.056635 0.914543 0.145001 0.258283 0.235522 0.971686 0.769972 0.338714
0.262063 0.570374 0.916896 0.646251 0.415795 0.726079 0.565896 0.699484 0.638935 0.439785 0.623671 0.466652
0.452815 0.634115 0.440779 0.383919 0.140136 0.731980 0.973741 0.777942 0.162299 0.344504 0.016770 0.825153
0.886513 0.694846 0.206129 0.495606 0.189070 0.975884 0.848473 0.946693 0.348208 0.021221 0.891054 0.926290
0.055981 0.097956 0.012891 0.017548 0.126953 0.437922 0.951903 0.671578 0.592642 0.397380 0.967509 0.265940
0.375860 0.502989 0.224860 0.901060 0.637579 0.914446 0.602721 0.931852 0.571106 0.017062 0.104427 0.851018
0.603636 0.524479 0.028927 0.245818 0.027844 0.713066 0.751224 0.303354 0.077499 0.913932 0.886250 0.227381
0.652936 0.943141 0.395580 0.787309 0.328858 0.501689 0.285383 0.495027 0.746569 0.046670 0.637580 0.892811
0.150188 0.525996 0.473261 0.975130 0.914911 0.412883 0.209166 0.402123 0.564267 0.799987 0.254934 0.470545
0.209880 0.568559 0.644740 0.324349 0.679121 0.957534 0.443679 0.611767 0.326994 0.812055 0.027867 0.629325
0.755365 0.322687 0.359621 0.035918 0.412602 0.338642 0.535051 0.344703 0.100780 0.139284 0.391018 0.130653
0.064584 0.573045 0.208712 0.575039 0.409907 0.873616 0.404162 0.749085 0.283800 0.130479 0.183475 0.840033
0.068758 0.819294 0.211156 0.853230 0.183427 0.810546 0.612566 0.963481 0.549507 0.414897 0.054221 0.299370
0.051961 0.054393 0.455348 0.048884 0.354748 0.518234 0.133749 0.555510 0.623535 0.081146 0.569922 0.535076
0.318798 0.372220 0.201688 0.235768 0.014603 0.740385 0.083092 0.020148 0.863953 0.346742 0.440045 0.626623
0.790726 0.153186 0.698656 0.216284 0.751487 0.195037 0.030240 0.257385 0.680457 0.271043 0.075803 0.948828
0.059487 0.933018 0.518326 0.883035 0.330466 0.387416 0.806048 0.342397 0.610300 0.933079 0.066432 0.824101
0.953070 0.896662 0.067768 0.979056 0.577647 0.589427 0.465897 0.264013 0.699348 0.130675 0.075849 0.728552
0.153095 0.123978 0.572572 0.227117 0.091018 0.310319 0.104991 0.334867 0.000451 0.831350 0.234366 0.501167
0.167157 0.245076 0.696569 0.928446 0.859159 0.881246 0.508833 0.303135 0.598205 0.089279 0.283768 0.223369
0.668670 0.209688 0.170211 0.326233 0.971150 0.431450 0.146921 0.165702 0.010185 0.164853 0.620870 0.756613
0.258945 0.373624 0.974455 0.154035 0.034859 0.994703 0.028984 0.618052 0.496422 0.481435 0.152389 0.601363
0.010034 0.917312 0.849269 0.145362 0.237044 0.913026 0.162667 0.394755 0.640813 0.328558 0.132392 0.842401
0.041362 0.390531 0.840444 0.736814 0.517810 0.200198 0.953104 0.160554 0.356741 0.025271 0.333594 0.695950
0.255080 0.624883 0.955504 0.702273 0.924087 0.997018 0.853251 0.738528 0.936301 0.317484 0.010060 0.470817
0.731026 0.008818 0.972856 0.703840 0.776527 0.580987 0.027270 0.944580 0.471906 0.037907 0.501084 0.862265
0.684503 0.528677 0.740564 0.182839 0.351720 0.890825 0.562545 0.765110 0.592053 0.299397 0.548887 0.896744
0.876329 0.930893 0.423972 0.156072 0.864683 0.867371 0.037979 0.511788 0.505947 0.341232 0.439891 0.592493
0.691292 0.926023 0.770581 0.722879 0.143391 0.882194 0.073379 0.088611 0.653556 0.483782 0.759727 0.566888
0.754548 0.413152 0.102170 0.467459 0.290768 0.042795 0.181260 0.615288 0.652996 0.397039 0.557046 0.998262
0.414121 0.117990 0.261640 0.682927 0.277202 0.541682 0.564800 0.844516 0.067490 0.057642 0.392630 0.508822
0.530321 0.813302 0.534628 0.901054 0.469531 0.168977 0.994533 0.681548 0.275640 0.248348 0.010205 0.636997
0.051423 0.343839 0.030412 0.476440 0.654639 0.016258 0.369093 0.455374 0.288609 0.100851 0.827275 0.996793
0.582371 0.275127 0.902408 0.250256 0.981373 0.758738 0.862750 0.955600 0.999632 0.288643 0.969469 0.393725
0.642577 0.240422 0.135923 0.211149 0.574856 0.809899 0.574067 0.278259 0.106595 0.880020 0.221201 0.876340
0.244192 0.291759 0.972687 0.647437 0.867905 0.003253 0.271884 0.900323 0.460676 0.416121 0.705992 0.053846
0.443911 0.954794 0.569089 0.353906 0.110549 0.669211 0.999275 0.573766 0.732451 0.335318 0.339896 0.846184
0.735251 0.942238 0.391452 0.799321 0.900499 0.562057 0.774090 0.421784 0.937801 0.701820 0.032680 0.526008
0.107961 0.431763 0.677970 0.930987 0.082715 0.964924 0.905208 0.129724 0.442089 0.867117 0.214178 0.762276
0.028129 0.030105 0.761051 0.393760 0.758939 0.118549 0.024935 0.298868 0.738760 0.849051 0.364712 0.388707
0.312781 0.384007 0.913231 0.892875 0.227174 0.997069 0.205205 0.714633 0.860039 0.593259 0.712303 0.335877
0.728337 0.466125 0.438689 0.591075 0.605091 0.630959 0.205891 0.859115 0.120496 0.284975 0.237007 0.273313
0.274752 0.778552 0.134257 0.453126 0.851683 0.034076 0.169423 0.212818 0.424850 0.998211 0.817850 0.975758
0.196416 0.009341 0.144217 0.869500 0.479398 0.198724 0.555825 0.771241 0.529646 0.080142 0.470592 0.297107
0.610200 0.766777 0.934308 0.007134 0.370136 0.135814 0.290146 0.666460 0.434988 0.265150 0.924856 0.709302
0.838476 0.727536 0.369641 0.417481 0.330973 0.269725 0.087121 0.575227 0.904290 0.112210 0.027948 0.542852
0.355561 0.664977 0.969830 0.901847 0.922247 0.918228 0.795807 0.413101 0.084027 0.373157 0.666727 0.364616
0.495028 0.810719 0.244692 0.068186 0.729640 0.054571 0.615190 0.590504 0.962415 0.113670 0.760882 0.583330
0.211258 0.346115 0.434348 0.636882 0.511069 0.947732 0.976879 0.550024 0.327017 0.697340 0.495337 0.151241
0.920954 0.660595 0.269880 0.115137 0.052824 0.121596 0.153538 0.034735 0.715590 0.305552 0.445140 0.368155
0.976861 0.680488 0.610546 0.781794 0.070603 0.972708 0.916263 0.674083 0.600180 0.292494 0.230606 0.653071
0.775488 0.044149 0.979030 0.894768 0.866077 0.073743 0.387594 0.717270 0.850588 0.587487 0.273446 0.296404
0.312745 0.233620 0.993788 0.077209 0.765736 0.699559 0.196032 0.578725 0.793826 0.243259 0.101423 0.163741
0.440297 0.070269 0.726589 0.504349 0.116904 0.238457 0.789528 0.231839 0.891577 0.479599 0.773661 0.953177
0.431860 0.987583 0.844011 0.548698 0.146182 0.335062 0.755170 0.586711 0.471214 0.793174 0.774338 0.485964
0.655074 0.639514 0.543082 0.111760 0.579911 0.855303 0.795968 0.519777 0.773300 0.221320 0.596741 0.978304
0.426421 0.207283 0.294020 0.471367 0.275527 0.226630 0.692292 0.829353 0.510122 0.617331 0.299567 0.192018
0.747623 0.116638 0.604215 0.924560 0.319647 0.916082 0.029892 0.209068 0.994506 0.158875 0.074292 0.944687
0.922440 0.421981 0.827041 0.071295 0.775802 0.424087 0.945609 0.667939 0.121594 0.876815 0.437067 0.969069
0.802797 0.177658 0.992354 0.771316 0.797307 0.417274 0.951899 0.612612 0.729663 0.582603 0.194070 0.099633
0.816875 0.155625 0.615012 0.230739 0.031740 0.735615 0.638852 0.432602 0.769615 0.048833 0.635976 0.411466
0.816089 0.269657 0.649530 0.783143 0.618896 0.030707 0.507155 0.671618 0.971718 0.877210 0.628454 0.835110
0.089951 0.402408 0.344987 0.654075 0.895976 0.174330 0.281077 0.618400 0.797963 0.713764 0.371977 0.492487
0.814533 0.047359 0.359561 0.147952 0.966954 0.585158 0.597307 0.614662 0.238500 0.349586 0.015021 0.642700
0.016661 0.869022 0.882759 0.699255 0.630600 0.225866 0.849334 0.127244 0.296580 0.416272 0.699800 0.608069
0.716023 0.819539 0.927762 0.527508 0.166866 0.166106 0.002858 0.305910 0.164246 0.605655 0.250013 0.505404
0.436158 0.003493 0.327166 0.321710 0.795017 0.609761 0.939642 0.296320 0.352992 0.571675 0.337907 0.009214
0.843133 0.442852 0.898283 0.408693 0.463548 0.994592 0.884188 0.476946 0.314466 0.910869 0.606396 0.103246
0.789706 0.012569 0.301783 0.117760 0.067415 0.898572 0.302455 0.853165 0.626306 0.489491 0.170268 0.086303
0.862877 0.027118 0.247930 0.074996 0.162649 0.390384 0.295232 0.206579 0.091428 0.125848 0.630618 0.854598
0.032303 0.289292 0.070253 0.288050 0.794806 0.705445 0.449647 0.656240 0.159126 0.594866 0.551771 0.040324
0.213956 0.951856 0.232458 0.750499 0.276095 0.887286 0.621918 0.158083 0.343834 0.041354 0.905025 0.341826
0.990677 0.830810 0.326079 0.436283 0.335548 0.904770 0.915058 0.716794 0.026868 0.845580 0.825869 0.013131
0.375514 0.839156 0.495685 0.337531 0.064409 0.113823 0.102214 0.770617 0.729938 0.035518 0.540716 0.145335
0.821405 0.059691 0.121744 0.896980 0.332880 0.975016 0.793412 0.014372 0.798417 0.850423 0.767219 0.316781
0.474490 0.875291 0.726516 0.638776 0.865059 0.158970 0.811034 0.231498 0.245607 0.225895 0.528610 0.587350
0.857710 0.456270 0.779430 0.976366 0.655875 0.392649 0.905531 0.326436 0.153652 0.026376 0.959041 0.302041
0.540248 0.576751 0.866432 0.002324 0.594215 0.107568 0.396241 0.398960 0.461732 0.012564 0.836432 0.866012
0.265322 0.829152 0.493437 0.650883 0.652258 0.000658 0.298741 0.490318 0.397524 0.900026 0.767094 0.650138
0.893711 0.623764 0.985928 0.593713 0.847497 0.579776 0.120965 0.649453 0.087177 0.815336 0.547192 0.670007
0.369669 0.663013 0.032339 0.156663 0.250587 0.366832 0.357492 0.546869 0.715898 0.724390 0.175550 0.870364
0.275309 0.363063 0.975017 0.532827 0.798544 0.465828 0.355681 0.082109 0.655338 0.829249 0.567805 0.524296
0.361763 0.170629 0.529546 0.712932 0.811392 0.927783 0.538825 0.124050 0.126676 0.992658 0.804538 0.940919
0.506993 0.647815 0.245238 0.933173 0.363839 0.910511 0.155459 0.511990 0.255800 0.867964 0.362256 0.885308
0.601454 0.447521 0.610535 0.729728 0.951917 0.311744 0.951150 0.141504 0.043068 0.792853 0.148398 0.982592
0.226999 0.839246 0.838268 0.486093 0.036961 0.336497 0.736962 0.626270 0.850643 0.943141 0.922710 0.585981
0.111098 0.320842 0.017192 0.310970 0.160471 0.981624 0.385301 0.842892 0.938010 0.478597 0.939072 0.726470
0.618228 0.792466 0.088978 0.331754 0.165878 0.910707 0.490026 0.305963 0.221026 0.549010 0.790088 0.315936
0.590405 0.901395 0.507624 0.762953 0.808022 0.848783 0.934409 0.644506 0.370766 0.459935 0.992832 0.062371
0.464016 0.624835 0.373809 0.173031 0.195734 0.128375 0.320484 0.777279 0.731784 0.518480 0.892278 0.074774
0.225199 0.437573 0.663105 0.566532 0.371747 0.172975 0.204835 0.910076 0.659107 0.421120 0.032706 0.194063
0.363647 0.450533 0.536805 0.155316 0.016874 0.717284 0.119306 0.672488 0.857238 0.862072 0.823383 0.508840
0.283486 0.398631 0.783703 0.530844 0.960080 0.075687 0.063326 0.619109 0.020093 0.559933 0.377227 0.236010
0.220128 0.763760 0.050124 0.814746 0.487941 0.053771 0.646023 0.263132 0.605893 0.137068 0.413260 0.099547
0.930180 0.930364 0.943620 0.590972 0.937319 0.260105 0.133877 0.200846 0.962234 0.966724 0.331257 0.454045
0.040028 0.709814 0.217895 0.061092 0.552846 0.299490 0.982547 0.969795 0.832682 0.684609 0.283147 0.188954
0.631018 0.465978 0.357649 0.951667 0.271068 0.586207 0.070273 0.238760 0.823226 0.423017 0.628178 0.064025
0.055226 0.587145 0.610001 0.074559 0.516757 0.083498 0.604561 0.603204 0.878082 0.636928 0.293774 0.203806
0.194362 0.085072 0.384467 0.354095 0.950132 0.946905 0.994250 0.620737 0.951059 0.580386 0.651323 0.307079
0.873486 0.506076 0.383315 0.202104 0.481158 0.876254 0.624410 0.076948 0.508001 0.930126 0.560909 0.912434
0.302575 0.630351 0.532065 0.454414 0.335302 0.052591 0.294247 0.203782 0.940915 0.138376 0.115125 0.901140
0.654351 0.496232 0.375072 0.644648 0.397716 0.066358 0.776814 0.018466 0.382931 0.303233 0.018588 0.279214
0.636873 0.927801 0.661698 0.038812 0.738973 0.880750 0.815674 0.478237 0.525529 0.532841 0.876255 0.812704
0.765615 0.335549 0.742130 0.642880 0.708857 0.427160 0.828684 0.869323 0.989061 0.071168 0.192766 0.683932
0.295704 0.706596 0.728841 0.373922 0.615754 0.776547 0.497293 0.748771 0.099366 0.675637 0.372748 0.106581
0.223060 0.122109 0.145553 0.715397 0.783041 0.054679 0.406438 0.159729 0.084647 0.303663 0.012678 0.548099
0.606981 0.490709 0.860717 0.154689 0.629268 0.242617 0.539377 0.799450 0.421430 0.471870 0.545602 0.967142
0.233070 0.981936 0.360979 0.881090 0.609486 0.020728 0.540127 0.332854 0.319830 0.629750 0.986369 0.802403
0.033267 0.810804 0.545782 0.617424 0.225857 0.472246 0.974363 0.581595 0.930213 0.853437 0.915045 0.830154
0.561015 0.966156 0.824079 0.090207 0.331186 0.031391 0.973280 0.233585 0.398984 0.868991 0.000402 0.074165
0.800101 0.672039 0.326726 0.097717 0.492933 0.056603 0.303137 0.726930 0.006780 0.358481 0.421616 0.694918
0.563366 0.153402 0.978985 0.743501 0.231185 0.019230 0.445512 0.735931 0.158510 0.374852 0.825667 0.599031
0.409251 0.353287 0.670293 0.824621 0.808969 0.616397 0.427707 0.471508 0.275714 0.703820 0.944708 0.451651
0.324534 0.159062 0.194525 0.303512 0.680362 0.963446 0.786213 0.326672 0.241553 0.688240 0.683629 0.218430
0.198437 0.308558 0.394703 0.673259 0.592515 0.366793 0.015108 0.234257 0.353835 0.449458 0.478007 0.073888
0.341903 0.889470 0.670962 0.230471 0.883596 0.436652 0.289417 0.036984 0.399323 0.478656 0.256108 0.886030
0.052979 0.759008 0.680145 0.985437 0.589621 0.902130 0.080676 0.658478 0.988968 0.858530 0.375634 0.629177
0.640661 0.961695 0.017430 0.729846 0.837216 0.214205 0.145425 0.502159 0.045915 0.552749 0.742494 0.748180
0.844183 0.402473 0.246626 0.946648 0.288088 0.162754 0.614477 0.704810 0.500102 0.699749 0.990101 0.373407
0.048335 0.889137 0.735138 0.147949 0.100242 0.583481 0.027615 0.403660 0.008288 0.447867 0.349795 0.608869
0.000286 0.637832 0.431911 0.933145 0.428119 0.379639 0.021937 0.920922 0.814138 0.048470 0.715679 0.366091
0.198648 0.202826 0.471893 0.200782 0.339873 0.884833 0.463973 0.573264 0.475556 0.073952 0.325770 0.890496
0.134026 0.106313 0.898250 0.632128 0.168995 0.672965 0.216406 0.795496 0.824706 0.130362 0.627179 0.645879
0.481182 0.118316 0.858822 0.154177 0.492244 0.191727 0.236130 0.126960 0.773161 0.849368 0.112434 0.598791
0.468074 0.951685 0.516590 0.300594 0.644787 0.055455 0.929952 0.420209 0.652421 0.988509 0.991627 0.389699
0.731836 0.875868 0.773434 0.638511 0.862750 0.430151 0.993688 0.508997 0.697673 0.572698 0.845102 0.299492
0.911264 0.719884 0.822156 0.943637 0.162293 0.769482 0.872134 0.200273 0.991318 0.806643 0.458466 0.495585
0.483052 0.039211 0.770739 0.904959 0.558542 0.968256 0.645507 0.469163 0.958397 0.514480 0.675213 0.536378
0.332115 0.389432 0.538353 0.350820 0.347619 0.431638 0.489897 0.965096 0.283973 0.031596 0.913134 0.585965
0.343054 0.884439 0.562184 0.586069 0.235629 0.078985 0.464644 0.180439 0.851118 0.892546 0.394267 0.876414
0.541499 0.617245 0.493198 0.776985 0.654816 0.458013 0.732367 0.830054 0.680762 0.449650 0.128745 0.641813
0.404832 0.953067 0.463228 0.188005 0.392030 0.545840 0.411794 0.808774 0.986580 0.497630 0.874873 0.532951
0.456911 0.756380 0.557824 0.907858 0.335650 0.002713 0.839015 0.233908 0.051580 0.762245 0.808429 0.272041
0.617434 0.811163 0.060944 0.669193 0.415867 0.905268 0.042310 0.681283 0.243612 0.689571 0.997015 0.032697
0.491024 0.713846 0.051645 0.661783 0.763402 0.940516 0.957520 0.419432 0.377012 0.322096 0.446533 0.084180
0.801816 0.773319 0.641167 0.004841 0.927016 0.304404 0.066899 0.358940 0.364399 0.836172 0.997874 0.245016
0.138782 0.274183 0.076493 0.393197 0.361561 0.398948 0.346824 0.233138 0.446213 0.933266 0.601542 0.959372
0.771704 0.202405 0.042294 0.962379 0.664305 0.450379 0.694221 0.994386 0.618215 0.074167 0.772963 0.922625
0.908388 0.972536 0.720979 0.791324 0.605847 0.918776 0.769997 0.513363 0.253341 0.046756 0.252764 0.246673
0.779532 0.844716 0.996111 0.064217 0.286089 0.726433 0.395272 0.535394 0.656399 0.916611 0.092989 0.668485
0.979544 0.256731 0.727535 0.266645 0.924264 0.959309 0.786715 0.026972 0.392381 0.679303 0.082460 0.627423
0.153477 0.716088 0.527536 0.173193 0.289364 0.963009 0.854114 0.494074 0.979016 0.799821 0.094255 0.983260
0.772620 0.014938 0.158793 0.492853 0.350957 0.497625 0.532789 0.490878 0.981035 0.165148 0.277358 0.292225
0.949177 0.155210 0.292050 0.754202 0.532736 0.578787 0.536349 0.840915 0.699468 0.683542 0.101361 0.283476
0.111243 0.253866 0.618282 0.992730 0.101433 0.631803 0.275393 0.791092 0.795162 0.414109 0.616668 0.475348
0.830061 0.551315 0.444611 0.033584 0.452111 0.487674 0.219531 0.719444 0.739640 0.525942 0.363649 0.836104
0.414358 0.473848 0.706261 0.516556 0.346240 0.009798 0.052402 0.378424 0.897207 0.539452 0.947041 0.666456
0.047764 0.696286 0.629206 0.613098 0.677996 0.941501 0.835084 0.342813 0.189785 0.277756 0.265074 0.716428
0.186760 0.744197 0.231993 0.921160 0.066695 0.528574 0.756277 0.138059 0.555120 0.204563 0.327518 0.273957
0.110470 0.758230 0.597050 0.178146 0.511912 0.250193 0.357649 0.898539 0.782510 0.166543 0.932666 0.267040
0.757208 0.836960 0.904408 0.368019 0.586234 0.057538 0.860507 0.971692 0.769964 0.704451 0.678929 0.546875
0.195985 0.988100 0.944446 0.857140 0.799079 0.048593 0.558607 0.888389 0.485355 0.022632 0.098757 0.636807
0.217334 0.727966 0.660812 0.208538 0.319162 0.873514 0.471679 0.045536 0.172396 0.520612 0.541145 0.058126
0.573276 0.909380 0.652023 0.978182 0.674160 0.337555 0.354322 0.476782 0.737996 0.870603 0.316031 0.765150
0.390685 0.232142 0.855985 0.817839 0.427022 0.635854 0.382559 0.125884 0.350364 0.077988 0.139288 0.563000
0.610581 0.376126 0.609548 0.953649 0.127826 0.954456 0.762671 0.076704 0.388065 0.920452 0.042887 0.734634
0.170171 0.434793 0.203440 0.244656 0.217497 0.036104 0.309222 0.091612 0.900955 0.124913 0.477019 0.948348
0.034115 0.978072 0.464818 0.267283 0.489548 0.809472 0.038158 0.184146 0.125683 0.091147 0.896375 0.047708
0.938261 0.185701 0.626523 0.142501 0.408252 0.938317 0.529631 0.671203 0.307869 0.944915 0.513701 0.707114
0.571921 0.800131 0.025696 0.060004 0.990960 0.200625 0.205270 0.021836 0.900984 0.971989 0.218135 0.203732
0.746626 0.756929 0.384453 0.037791 0.076588 0.316508 0.347646 0.820359 0.068136 0.273674 0.821415 0.605939
0.598492 0.600177 0.819788 0.302722 0.895503 0.450385 0.708139 0.106835 0.934248 0.461615 0.533702 0.651634
0.324923 0.314450 0.790041 0.157670 0.110129 0.620795 0.385679 0.561249 0.073878 0.311089 0.783268 0.389203
0.490014 0.867524 0.160465 0.811108 0.881281 0.388968 0.730907 0.949385 0.567820 0.987184 0.768263 0.113270
0.874535 0.934081 0.399989 0.540612 0.621404 0.861460 0.819391 0.200904 0.418480 0.882610 0.879721 0.219037
0.356820 0.239337 0.623142 0.866639 0.281432 0.784750 0.822858 0.092595 0.816214 0.579157 0.570684 0.631231
0.877799 0.673669 0.836831 0.126981 0.474393 0.990518 0.092537 0.419109 0.070067 0.183377 0.433390 0.460775
0.578635 0.500589 0.414793 0.864526 0.528348 0.999656 0.880151 0.084308 0.994530 0.571594 0.285739 0.659416
0.137011 0.009638 0.906237 0.695468 0.905642 0.638444 0.925346 0.262100 0.125891 0.840978 0.698856 0.310930
0.686757 0.327338 0.205867 0.170921 0.747798 0.369987 0.830541 0.260019 0.850178 0.245940 0.015718 0.655791
0.505169 0.738476 0.655891 0.242933 0.326143 0.935729 0.982630 0.489338 0.022900 0.564961 0.658160 0.177567
0.889059 0.277096 0.462215 0.602267 0.979744 0.530346 0.304039 0.863289 0.178939 0.927344 0.760179 0.849583
0.046652 0.481112 0.246573 0.775150 0.794003 0.439611 0.398134 0.097823 0.507533 0.900203 0.464374 0.493840
0.769536 0.661410 0.595018 0.181140 0.525812 0.721413 0.571699 0.910749 0.886583 0.580675 0.076466 0.915431
0.686901 0.900967 0.881184 0.177520 0.707216 0.750094 0.459644 0.512110 0.689159 0.197528 0.818847 0.468960
0.346213 0.587393 0.822811 0.353670 0.573052 0.696374 0.441554 0.625526 0.688167 0.424233 0.785502 0.665234
0.122932 0.667567 0.340420 0.543172 0.484759 0.193577 0.562563 0.177427 0.594531 0.811295 0.890464 0.142240
0.956173 0.614020 0.761879 0.699548 0.546365 0.479391 0.137737 0.472214 0.033628 0.359641 0.740975 0.775181
0.511680 0.201053 0.976281 0.337139 0.124688 0.217316 0.720477 0.695249 0.045775 0.440467 0.113799 0.609138
0.807975 0.663880 0.720532 0.473202 0.344881 0.709833 0.506127 0.067118 0.939631 0.420529 0.712106 0.694451
0.661985 0.866277 0.308363 0.343547 0.237363 0.911357 0.716246 0.441807 0.230370 0.172234 0.994687 0.442588
0.907136 0.243260 0.793279 0.787750 0.395905 0.680471 0.842787 0.904833 0.158567 0.821518 0.798574 0.691080
0.897608 0.160368 0.082464 0.442039 0.190963 0.411137 0.955149 0.744392 0.645977 0.207816 0.198526 0.934048
0.453599 0.830521 0.807606 0.142841 0.783819 0.229713 0.793364 0.310889 0.401908 0.615888 0.757339 0.353571
0.780548 0.836679 0.040210 0.871698 0.280099 0.924781 0.832195 0.966284 0.176666 0.780167 0.475788 0.933756
0.377643 0.055408 0.470346 0.147374 0.562831 0.501244 0.807986 0.284271 0.690892 0.726158 0.468643 0.932195
0.604556 0.832302 0.538162 0.486702 0.206187 0.266684 0.161958 0.882781 0.483589 0.567457 0.269042 0.840736
0.801993 0.610666 0.646682 0.094679 0.839601 0.561264 0.444607 0.191268 0.259841 0.274687 0.691661 0.763391
0.904329 0.011592 0.284002 0.645267 0.762116 0.627832 0.712146 0.714548 0.781482 0.773041 0.840579 0.395486
0.637878 0.027071 0.539265 0.076755 0.790995 0.971118 0.363087 0.666599 0.015729 0.307413 0.104234 0.495563
0.027621 0.053679 0.814288 0.271095 0.036360 0.040398 0.354539 0.036713 0.126367 0.278568 0.236859 0.058526
0.773289 0.778710 0.045487 0.408267 0.917198 0.612534 0.257695 0.259567 0.355302 0.851426 0.501000 0.831853
0.148133 0.953091 0.389684 0.502535 0.431411 0.490900 0.802882 0.898595 0.613454 0.010031 0.698716 0.611365
0.584722 0.209287 0.994869 0.409000 0.193805 0.003654 0.812276 0.352119 0.092676 0.640876 0.429517 0.733068
0.444744 0.062834 0.556061 0.323637 0.671552 0.892161 0.190697 0.746294 0.751430 0.672655 0.250889 0.771399
0.917752 0.323820 0.384688 0.855779 0.905427 0.033185 0.290142 0.354016 0.050959 0.094436 0.397112 0.318879
0.985648 0.181420 0.851036 0.542960 0.246727 0.633501 0.368226 0.003425 0.810624 0.611758 0.417342 0.421413
0.500309 0.554482 0.539432 0.810883 0.966186 0.843897 0.788912 0.339305 0.244122 0.115939 0.975857 0.186662
0.499049 0.337190 0.168486 0.942821 0.166720 0.775788 0.972188 0.247136 0.413614 0.905240 0.327444 0.151102
0.140686 0.029545 0.054387 0.580092 0.230839 0.416090 0.692720 0.963738 0.407502 0.510172 0.825145 0.460262
0.523439 0.656398 0.528465 0.187925 0.316979 0.380572 0.699033 0.784143 0.351230 0.202014 0.895715 0.805025
0.864358 0.221764 0.713203 0.902884 0.670908 0.015272 0.277820 0.258142 0.514735 0.248315 0.985618 0.993854
0.578375 0.382151 0.040184 0.096358 0.982986 0.039536 0.822120 0.255911 0.039544 0.125764 0.376404 0.991089
0.798780 0.795704 0.295541 0.876795 0.745977 0.202224 0.358865 0.437229 0.759710 0.190691 0.555935 0.735567
0.522667 0.925656 0.012321 0.012561 0.093804 0.950188 0.977635 0.555914 0.823108 0.123611 0.097739 0.846752
0.752157 0.389263 0.317352 0.068356 0.616161 0.654923 0.250997 0.952384 0.676168 0.623227 0.846918 0.965031
0.691298 0.646226 0.834105 0.598508 0.658502 0.557497 0.653518 0.260890 0.092684 0.411951 0.384363 0.179563
0.341470 0.857689 0.999350 0.910149 0.194976 0.024147 0.836635 0.260282 0.125378 0.911260 0.312010 0.023432
0.350174 0.333663 0.916731 0.722390 0.306635 0.488194 0.778787 0.288243 0.436378 0.948434 0.603694 0.932754
0.792589 0.017686 0.110646 0.956254 0.313147 0.197612 0.198346 0.469535 0.107513 0.374842 0.103965 0.798187
0.959963 0.282160 0.736133 0.538369 0.608321 0.558598 0.698794 0.491636 0.190205 0.510428 0.015266 0.895682
0.834928 0.105886 0.410099 0.566711 0.471127 0.771012 0.529882 0.944347 0.882022 0.653461 0.084986 0.152402
0.518515 0.086573 0.473038 0.474361 0.743640 0.118430 0.848294 0.525673 0.873088 0.454217 0.742736 0.939766
