0.498236 0.964732 0.928287 0.505561 0.686629 0.932224 0.546219 0.323181 0.847443 0.630330 0.309532 0.134376
0.421855 0.175035 0.759058 0.924464 0.899118 0.397810 0.375410 0.099399 0.649565 0.269964 0.996721 0.351123
0.229290 0.531068 0.599308 0.181190 0.048740 0.416454 0.842839 0.669216 0.892640 0.187081 0.564250 0.522723
0.903111 0.360036 0.094268 0.464541 0.410414 0.559630 0.263422 0.667234 0.547346 0.155301 0.168999 0.129469
0.556587 0.350026 0.238086 0.838034 0.031498 0.215040 0.390709 0.237348 0.313561 0.247219 0.276469 0.539751
0.231208 0.011151 0.452028 0.686294 0.380001 0.599769 0.769371 0.868248 0.861893 0.904467 0.936789 0.077701
0.389807 0.152249 0.982822 0.503678 0.836797 0.974563 0.327664 0.286300 0.466900 0.411324 0.768351 0.662057
0.260066 0.594314 0.235771 0.186022 0.625147 0.579210 0.318652 0.667086 0.547378 0.254275 0.020665 0.765869
0.560982 0.543007 0.591869 0.177337 0.539091 0.280460 0.119729 0.333368 0.220826 0.954868 0.366669 0.248196
0.772719 0.200872 0.176280 0.870309 0.859809 0.989018 0.344812 0.471091 0.390687 0.479079 0.540061 0.320970
0.008844 0.197366 0.467541 0.600737 0.131045 0.947353 0.602736 0.117026 0.656327 0.188767 0.826491 0.206975
0.691979 0.477775 0.700929 0.118807 0.474378 0.111498 0.419389 0.960691 0.982277 0.599837 0.530049 0.545210
0.557712 0.436963 0.269920 0.598835 0.277191 0.485328 0.630490 0.097156 0.703885 0.212193 0.872906 0.150435
0.443438 0.029395 0.071873 0.495136 0.065601 0.120574 0.876887 0.419723 0.182671 0.995971 0.610085 0.983441
0.487948 0.519779 0.628432 0.883907 0.976894 0.731535 0.996489 0.313155 0.780521 0.016200 0.775811 0.227669
0.475638 0.067295 0.776667 0.219884 0.573133 0.339437 0.373236 0.657918 0.496061 0.620674 0.850728 0.638137
0.079666 0.793451 0.962838 0.454744 0.794052 0.879283 0.391496 0.516782 0.149591 0.161150 0.395280 0.396598
0.038036 0.483037 0.138596 0.323182 0.331249 0.425778 0.255359 0.400454 0.911302 0.799993 0.604929 0.644530
0.533061 0.829564 0.263267 0.766449 0.904792 0.316633 0.573148 0.493664 0.833823 0.611532 0.182855 0.921197
0.427018 0.903465 0.804775 0.665244 0.341756 0.519872 0.651582 0.663885 0.800804 0.096606 0.739054 0.098966
0.434771 0.228407 0.277412 0.511166 0.346602 0.067127 0.655415 0.520909 0.078231 0.973295 0.647516 0.445741
0.953708 0.431229 0.553896 0.505584 0.954189 0.652987 0.519243 0.306254 0.031020 0.155269 0.245800 0.349211
0.850086 0.741277 0.688953 0.638295 0.958484 0.747897 0.493886 0.558633 0.414405 0.124153 0.311761 0.901927
0.422456 0.578647 0.221140 0.275911 0.793357 0.870280 0.299322 0.688687 0.481375 0.424376 0.132281 0.843203
0.234560 0.378477 0.232008 0.571931 0.273956 0.401357 0.422698 0.022046 0.362956 0.238979 0.537153 0.822433
0.770371 0.925013 0.616134 0.114686 0.399606 0.861218 0.281225 0.089583 0.022524 0.443056 0.614681 0.641450
0.950437 0.084317 0.167196 0.366105 0.586166 0.772651 0.243322 0.207530 0.710959 0.904502 0.127449 0.725077
0.835022 0.421590 0.076192 0.380188 0.865951 0.827891 0.216822 0.331373 0.450025 0.069337 0.703555 0.237771
0.296654 0.701629 0.421465 0.481479 0.300168 0.000121 0.663240 0.785439 0.836530 0.321835 0.815664 0.164308
0.336931 0.377243 0.591310 0.870699 0.736837 0.290345 0.823017 0.688993 0.798029 0.766750 0.213959 0.607477
0.710411 0.815292 0.804750 0.674563 0.168605 0.834946 0.335568 0.435647 0.687231 0.714485 0.237100 0.517509
0.325917 0.107764 0.743205 0.088517 0.161721 0.722786 0.539119 0.615642 0.174991 0.595941 0.805858 0.154297
0.917191 0.135796 0.510879 0.616152 0.305632 0.864421 0.947748 0.714986 0.235512 0.882259 0.577381 0.858598
0.241735 0.527026 0.372059 0.040076 0.338810 0.130626 0.517607 0.094275 0.219614 0.431250 0.142831 0.551637
0.857848 0.242107 0.866090 0.009328 0.002517 0.297518 0.641345 0.050020 0.431154 0.145141 0.069022 0.738822
0.914298 0.147144 0.353514 0.239581 0.525500 0.888963 0.207050 0.089004 0.480548 0.012860 0.367546 0.685363
0.609681 0.054498 0.760976 0.535076 0.712914 0.943392 0.283870 0.531962 0.458052 0.618826 0.729017 0.913940
0.920148 0.308870 0.577307 0.444261 0.642195 0.840943 0.078588 0.874963 0.349267 0.094267 0.814464 0.476588
0.898982 0.437234 0.484238 0.804185 0.279494 0.015981 0.056399 0.564714 0.478137 0.377818 0.037961 0.242473
0.040111 0.142987 0.066939 0.600513 0.794544 0.863422 0.119789 0.825169 0.220925 0.126680 0.691364 0.233336
0.654449 0.930772 0.884636 0.571229 0.056321 0.468307 0.857123 0.466529 0.466285 0.612099 0.071792 0.047084
0.639470 0.007715 0.324092 0.410906 0.450472 0.789839 0.342187 0.735510 0.412605 0.394848 0.883367 0.415291
0.554160 0.020026 0.074301 0.363941 0.743969 0.967151 0.042629 0.430379 0.396664 0.302507 0.513794 0.464435
0.152552 0.097177 0.678507 0.814340 0.079358 0.139234 0.912300 0.446794 0.479698 0.926847 0.567397 0.256909
0.692180 0.982393 0.022420 0.459167 0.707122 0.923396 0.261704 0.518853 0.599617 0.428758 0.698963 0.885967
0.226775 0.115660 0.701357 0.050286 0.767412 0.767682 0.502397 0.984455 0.265852 0.409126 0.517502 0.569113
0.877948 0.772049 0.495170 0.121112 0.383306 0.110207 0.865687 0.449228 0.393297 0.606930 0.845480 0.733344
0.275503 0.860753 0.711790 0.970831 0.439906 0.054935 0.061773 0.768467 0.968050 0.174191 0.131190 0.418172
0.234135 0.552498 0.722555 0.008533 0.162875 0.851029 0.495548 0.150310 0.898577 0.414025 0.938006 0.142692
0.117075 0.330255 0.784075 0.573160 0.004088 0.893568 0.501922 0.300592 0.260409 0.874607 0.889556 0.439040
0.035075 0.082407 0.485869 0.640218 0.186150 0.967746 0.949403 0.436350 0.180555 0.012545 0.060929 0.874672
0.316431 0.537590 0.697974 0.839520 0.654510 0.376432 0.746083 0.947407 0.536408 0.324277 0.758882 0.080747
0.246585 0.487859 0.579488 0.019661 0.294703 0.003047 0.146816 0.808937 0.854486 0.088311 0.543679 0.669645
0.222808 0.190430 0.272804 0.623096 0.376019 0.241873 0.951430 0.167930 0.368015 0.233954 0.593204 0.051066
0.969638 0.684358 0.866422 0.742117 0.884460 0.803003 0.089696 0.149989 0.051918 0.816633 0.407163 0.732057
0.071530 0.715891 0.493717 0.283826 0.965512 0.779556 0.049095 0.222116 0.497512 0.696934 0.515897 0.325053
0.565158 0.372238 0.010141 0.094118 0.663108 0.228772 0.555895 0.951612 0.431640 0.871553 0.212691 0.972789
0.685574 0.034355 0.201974 0.632297 0.611834 0.806904 0.610430 0.531904 0.604368 0.962649 0.342028 0.842836
0.225902 0.380809 0.143258 0.994845 0.861733 0.705899 0.817241 0.279825 0.409183 0.822595 0.539706 0.618605
0.338842 0.617964 0.546769 0.429091 0.752481 0.663817 0.441336 0.733900 0.011260 0.737669 0.755243 0.465661
0.020918 0.856032 0.785315 0.181180 0.726337 0.573712 0.940690 0.763330 0.909620 0.540987 0.788294 0.320834
0.154745 0.531048 0.558238 0.853837 0.734245 0.102214 0.755119 0.137639 0.177741 0.809564 0.385898 0.730227
0.813606 0.868237 0.230554 0.074387 0.013602 0.629291 0.523517 0.377485 0.212550 0.097437 0.542052 0.529930
0.135550 0.094499 0.204280 0.487411 0.387197 0.595527 0.943889 0.724533 0.060690 0.314672 0.123033 0.031885
0.963715 0.658989 0.939577 0.397421 0.591119 0.745559 0.769794 0.838255 0.017437 0.606559 0.771008 0.778570
0.450375 0.072691 0.135805 0.835532 0.642698 0.597718 0.949482 0.576435 0.328103 0.079327 0.223868 0.878685
0.308993 0.412509 0.423614 0.594020 0.839156 0.510046 0.555836 0.022451 0.470190 0.250799 0.035449 0.934124
0.191112 0.007333 0.563748 0.490640 0.215564 0.488731 0.814469 0.936658 0.356354 0.799563 0.181233 0.744128
0.083129 0.438476 0.408546 0.110329 0.192146 0.560920 0.561768 0.641520 0.409048 0.899028 0.180873 0.113176
0.489582 0.677499 0.500070 0.327395 0.225413 0.987718 0.561198 0.726298 0.094908 0.743089 0.726024 0.508880
0.500057 0.197888 0.115540 0.913657 0.067154 0.746074 0.358952 0.747026 0.107343 0.982162 0.573564 0.107889
0.936004 0.688448 0.419980 0.510453 0.109306 0.888345 0.661787 0.902493 0.478693 0.076330 0.094922 0.442012
0.674404 0.148707 0.299506 0.076747 0.839756 0.057405 0.647175 0.440995 0.109303 0.826249 0.359957 0.664668
0.161694 0.106604 0.640232 0.143429 0.414287 0.966606 0.326779 0.722807 0.910228 0.445616 0.274194 0.289376
0.993877 0.490646 0.584007 0.631262 0.465348 0.395016 0.547685 0.490433 0.378985 0.506205 0.800228 0.594370
0.428269 0.541451 0.688071 0.421621 0.642652 0.767504 0.004967 0.195705 0.711226 0.129028 0.119862 0.797300
0.204680 0.105227 0.505226 0.172896 0.741437 0.973583 0.220314 0.970649 0.463404 0.372907 0.007882 0.954706
0.260908 0.368918 0.739913 0.127714 0.791660 0.973711 0.755523 0.692655 0.662008 0.247778 0.250750 0.935487
0.857905 0.866704 0.200816 0.751605 0.270353 0.877081 0.935818 0.162166 0.964795 0.659529 0.442587 0.595838
0.285149 0.701111 0.936935 0.806074 0.760535 0.587982 0.029366 0.525244 0.319012 0.333028 0.600127 0.649738
0.637428 0.620089 0.941194 0.291759 0.511554 0.097276 0.321581 0.499623 0.623535 0.203131 0.896270 0.578298
0.521545 0.542632 0.671225 0.150397 0.679244 0.796694 0.536749 0.563705 0.917807 0.788367 0.952350 0.842016
0.604791 0.737271 0.778427 0.615567 0.791829 0.146639 0.247091 0.293827 0.075055 0.713285 0.921875 0.823635
0.977457 0.235847 0.178441 0.209134 0.496294 0.029079 0.712782 0.977343 0.688756 0.351929 0.153391 0.816667
0.588965 0.366497 0.868551 0.127992 0.299455 0.986327 0.632473 0.309080 0.169498 0.322658 0.818807 0.422572
0.739218 0.908582 0.380890 0.291741 0.819342 0.236530 0.609039 0.034322 0.876670 0.450967 0.759655 0.646713
0.427748 0.249720 0.459482 0.731311 0.958085 0.293086 0.444113 0.640109 0.186672 0.590273 0.693641 0.572693
0.116699 0.567577 0.144040 0.396888 0.598758 0.697168 0.119173 0.658925 0.163398 0.141110 0.032359 0.372527
0.630454 0.400096 0.717269 0.017079 0.803785 0.859556 0.337383 0.181531 0.227431 0.403805 0.909712 0.904573
0.597510 0.556967 0.359249 0.725586 0.369096 0.572127 0.452332 0.481269 0.391963 0.494687 0.148199 0.048584
0.024063 0.860694 0.966928 0.133904 0.142104 0.156389 0.461036 0.558952 0.364267 0.035671 0.841623 0.026844
0.095586 0.357926 0.974046 0.075069 0.891822 0.587158 0.192491 0.029063 0.611570 0.547799 0.806486 0.991206
0.286425 0.263954 0.841203 0.787698 0.591459 0.726391 0.671817 0.443058 0.474611 0.277781 0.472537 0.506874
0.851997 0.752087 0.041766 0.930873 0.404740 0.583988 0.511430 0.669481 0.942876 0.563300 0.626518 0.872298
0.345004 0.741473 0.695160 0.183660 0.146660 0.875559 0.568964 0.531994 0.341494 0.163648 0.037260 0.068673
0.706760 0.136778 0.465230 0.841640 0.358567 0.488185 0.355470 0.376456 0.594808 0.917383 0.926127 0.917597
0.928297 0.868689 0.346458 0.190643 0.552228 0.810951 0.448712 0.708732 0.510960 0.325340 0.008203 0.138442
0.284376 0.606179 0.146106 0.661189 0.543898 0.217379 0.077777 0.977073 0.702460 0.659982 0.361477 0.443341
0.649211 0.791656 0.196002 0.658023 0.605877 0.609673 0.921216 0.234508 0.646035 0.479593 0.301678 0.623985
0.214986 0.626690 0.160852 0.248862 0.328469 0.026278 0.753348 0.446114 0.379761 0.824323 0.413329 0.465645
0.787191 0.322644 0.890347 0.216012 0.171644 0.200711 0.876817 0.455923 0.793480 0.063729 0.864446 0.762854
0.461579 0.678563 0.764216 0.657482 0.607063 0.904624 0.894060 0.746337 0.218250 0.812492 0.983731 0.959662
0.968624 0.573404 0.347704 0.705136 0.065155 0.186456 0.670087 0.829608 0.375211 0.010914 0.562090 0.165522
0.946318 0.187943 0.724016 0.283535 0.580334 0.267073 0.490723 0.750284 0.370827 0.517053 0.812027 0.747605
0.994184 0.986182 0.266581 0.834219 0.660774 0.051204 0.510021 0.459652 0.448105 0.488355 0.916508 0.387421
0.551691 0.900611 0.430592 0.655169 0.079111 0.399998 0.474451 0.666215 0.933997 0.600162 0.026841 0.571690
0.720355 0.993836 0.733384 0.499342 0.268853 0.093665 0.604755 0.990205 0.608042 0.321027 0.533411 0.731294
0.579002 0.198739 0.670069 0.096002 0.468667 0.083972 0.715684 0.108591 0.652032 0.667720 0.516540 0.762920
0.826881 0.187565 0.369012 0.177427 0.380484 0.197327 0.066734 0.265717 0.473153 0.179030 0.199430 0.468217
0.220073 0.848692 0.712737 0.800766 0.312027 0.239189 0.112574 0.578509 0.475573 0.206922 0.495770 0.739362
0.730432 0.292185 0.737252 0.874767 0.349314 0.164020 0.402703 0.376063 0.547640 0.377552 0.011863 0.780446
0.173962 0.670912 0.285558 0.618136 0.261630 0.571696 0.226687 0.467055 0.340512 0.964984 0.117332 0.404421
0.372907 0.103404 0.493567 0.380018 0.852422 0.580396 0.023870 0.978538 0.866347 0.184947 0.260239 0.806733
0.724927 0.956455 0.499550 0.599165 0.157510 0.591840 0.711259 0.102543 0.437755 0.553186 0.895728 0.938497
0.375977 0.022559 0.225735 0.255842 0.581372 0.626391 0.447861 0.496042 0.921204 0.677728 0.897285 0.536493
0.788661 0.086739 0.853702 0.754335 0.174131 0.237686 0.579495 0.291956 0.192534 0.680704 0.922554 0.486225
0.135865 0.065727 0.249836 0.242644 0.723277 0.807611 0.086745 0.999235 0.375603 0.848734 0.951609 0.261362
0.881235 0.695211 0.988174 0.144795 0.327312 0.011184 0.719414 0.004017 0.900235 0.352087 0.735563 0.609348
0.590690 0.757846 0.729326 0.499229 0.882718 0.721305 0.775843 0.654444 0.278469 0.299041 0.751621 0.120019
0.986341 0.079221 0.891023 0.554347 0.177269 0.047992 0.650044 0.294974 0.663799 0.235263 0.979228 0.090575
0.339730 0.832462 0.479941 0.117089 0.352185 0.213494 0.209044 0.162062 0.815232 0.538221 0.491631 0.513865
0.473240 0.266406 0.655882 0.408254 0.608893 0.130196 0.524262 0.713407 0.958812 0.141634 0.546291 0.492602
0.437671 0.207237 0.433630 0.897304 0.135496 0.921999 0.024573 0.672395 0.882548 0.925394 0.015054 0.514841
0.979713 0.371087 0.761961 0.808176 0.462239 0.910527 0.475777 0.185524 0.655540 0.856466 0.601636 0.429833
0.104572 0.885435 0.208923 0.074730 0.803985 0.297512 0.071514 0.004594 0.435116 0.297464 0.814468 0.398125
0.924017 0.847207 0.845352 0.294235 0.939069 0.158130 0.671584 0.157663 0.999214 0.807291 0.378159 0.064620
0.595830 0.882234 0.526641 0.059075 0.389825 0.168693 0.600549 0.396900 0.118392 0.781354 0.497535 0.985092
0.611574 0.565227 0.510871 0.554858 0.886249 0.383708 0.901190 0.606394 0.514560 0.293325 0.514626 0.396299
0.838302 0.569815 0.214615 0.838097 0.284365 0.927466 0.974379 0.527644 0.288668 0.059257 0.386353 0.242467
0.103623 0.499658 0.471208 0.880829 0.942331 0.748280 0.586848 0.144819 0.151648 0.646973 0.847817 0.661782
0.023303 0.591148 0.791889 0.762588 0.032148 0.068558 0.815439 0.350772 0.542172 0.890138 0.598396 0.205123
0.556830 0.403295 0.032989 0.497332 0.273713 0.153720 0.474812 0.585222 0.213951 0.746750 0.867611 0.170981
0.805287 0.311773 0.314239 0.853980 0.413975 0.473365 0.862699 0.870287 0.447725 0.735996 0.128997 0.323827
0.334017 0.845142 0.791469 0.438206 0.232598 0.216012 0.132998 0.352671 0.329749 0.723017 0.429995 0.949148
0.720207 0.042025 0.508110 0.192132 0.978128 0.901493 0.313090 0.111805 0.488533 0.774931 0.895225 0.277335
0.416437 0.584433 0.011162 0.701708 0.087500 0.027093 0.583054 0.772817 0.397714 0.185328 0.293312 0.986551
0.414745 0.076688 0.269081 0.023116 0.948390 0.432523 0.893755 0.709543 0.973145 0.675828 0.865262 0.446843
0.247111 0.474825 0.143427 0.654081 0.279423 0.206938 0.433453 0.224143 0.052491 0.344072 0.775762 0.127653
0.155269 0.675739 0.994876 0.306623 0.459898 0.150801 0.572897 0.999470 0.833691 0.999320 0.176696 0.253798
0.110949 0.959777 0.504692 0.684138 0.021907 0.978955 0.470309 0.144572 0.939493 0.043845 0.478888 0.779956
0.664013 0.301023 0.814890 0.445616 0.485847 0.108938 0.405690 0.159941 0.025372 0.919012 0.071097 0.355228
0.213496 0.625800 0.572857 0.439962 0.238811 0.193679 0.306902 0.773241 0.127024 0.435853 0.656728 0.814790
0.894665 0.183164 0.370482 0.689549 0.503205 0.443048 0.633842 0.553304 0.681154 0.463251 0.247098 0.087328
0.877627 0.391741 0.592518 0.163220 0.592229 0.678238 0.768225 0.260604 0.835240 0.070486 0.309572 0.059782
0.340697 0.785194 0.028439 0.259877 0.026330 0.858649 0.383612 0.122043 0.652300 0.935550 0.245081 0.671024
0.110059 0.240933 0.341639 0.242817 0.607964 0.877130 0.508420 0.676164 0.164592 0.458404 0.228735 0.289422
0.779967 0.167102 0.856929 0.634149 0.722952 0.462392 0.992079 0.709723 0.243373 0.173062 0.312930 0.143087
0.394240 0.508513 0.373822 0.579414 0.499949 0.327855 0.243527 0.845426 0.771711 0.420128 0.996229 0.173270
0.041177 0.283406 0.076696 0.661681 0.282925 0.858728 0.614124 0.418089 0.478313 0.267574 0.936877 0.658297
0.374570 0.223688 0.235622 0.809892 0.387640 0.853844 0.186340 0.461925 0.559215 0.719144 0.605208 0.326263
0.200011 0.366237 0.958294 0.322673 0.245762 0.862676 0.137402 0.735587 0.179548 0.095078 0.057288 0.053965
0.165134 0.258836 0.815884 0.923671 0.125824 0.835041 0.442465 0.236209 0.999514 0.216164 0.924879 0.567068
0.982693 0.744706 0.971296 0.818494 0.808804 0.109474 0.511237 0.063709 0.504956 0.717011 0.172057 0.637464
0.933105 0.458419 0.801294 0.470328 0.358569 0.503815 0.623654 0.703527 0.869628 0.171066 0.291831 0.542594
0.914255 0.086293 0.808720 0.857179 0.561048 0.386044 0.282919 0.899571 0.341861 0.009846 0.369026 0.821304
0.266878 0.399323 0.960063 0.199245 0.523579 0.910393 0.342039 0.610923 0.300851 0.636078 0.007745 0.605738
0.450688 0.768437 0.833399 0.227579 0.990749 0.802549 0.500201 0.218878 0.862453 0.157573 0.048955 0.202982
0.035688 0.607501 0.004372 0.199679 0.864666 0.259252 0.805333 0.208869 0.931552 0.262313 0.747155 0.680021
0.662539 0.445801 0.563030 0.383649 0.911970 0.391910 0.131704 0.064466 0.167871 0.983786 0.260721 0.446939
0.476947 0.158085 0.907283 0.382970 0.909804 0.242043 0.956676 0.505102 0.520529 0.068834 0.722536 0.374296
0.439049 0.975516 0.417193 0.789898 0.244590 0.699878 0.044001 0.390480 0.018921 0.442719 0.980936 0.653650
0.786698 0.351224 0.778412 0.830991 0.128209 0.368614 0.162791 0.403499 0.789796 0.877644 0.071932 0.258300
0.903448 0.312831 0.541707 0.438909 0.182560 0.262033 0.745886 0.900158 0.400157 0.223771 0.986482 0.568587
0.547321 0.822952 0.684947 0.880617 0.850519 0.456750 0.985057 0.440892 0.531618 0.215396 0.754082 0.485504
0.180376 0.250044 0.125647 0.935556 0.182000 0.186823 0.981606 0.664610 0.591922 0.759049 0.041372 0.022232
0.044826 0.743863 0.825183 0.846718 0.125914 0.545927 0.937770 0.556461 0.562940 0.223520 0.669436 0.262126
0.428083 0.422537 0.843896 0.929163 0.917567 0.634166 0.066052 0.685667 0.806479 0.982706 0.380592 0.468799
0.166159 0.608757 0.879202 0.568596 0.411836 0.194887 0.674910 0.258095 0.172176 0.244176 0.778044 0.837459
0.466225 0.719403 0.503230 0.977392 0.448853 0.176170 0.006314 0.316140 0.670218 0.117922 0.489125 0.476452
0.733193 0.901073 0.769596 0.107004 0.453283 0.576584 0.455071 0.503744 0.567065 0.086010 0.255115 0.852273
0.882029 0.582538 0.796104 0.805639 0.467055 0.740066 0.169165 0.762030 0.858071 0.709384 0.951260 0.811583
0.585803 0.751076 0.036050 0.433489 0.976231 0.878322 0.839015 0.957420 0.724153 0.122442 0.271444 0.924215
0.246593 0.639181 0.527118 0.586860 0.127089 0.847449 0.647106 0.986678 0.884643 0.262112 0.620767 0.945871
0.399365 0.808974 0.745710 0.329356 0.362688 0.989911 0.372621 0.164129 0.835424 0.074229 0.510526 0.958102
0.441534 0.590332 0.511522 0.744253 0.069853 0.780308 0.780280 0.234352 0.140663 0.334952 0.947820 0.550903
0.647436 0.399880 0.763974 0.066084 0.471263 0.306866 0.250028 0.061926 0.200918 0.179844 0.851952 0.520870
0.961457 0.018156 0.789135 0.891321 0.704956 0.463838 0.944246 0.865301 0.665827 0.090242 0.885712 0.661842
0.413028 0.067589 0.649267 0.274346 0.421245 0.563578 0.824196 0.815830 0.526467 0.807913 0.022647 0.615571
0.850243 0.986844 0.094012 0.026049 0.048001 0.074755 0.048946 0.842405 0.322562 0.359440 0.603526 0.011234
0.565044 0.340189 0.234782 0.515115 0.244338 0.585127 0.926949 0.577898 0.203112 0.804514 0.150960 0.161675
0.593905 0.214325 0.936073 0.270809 0.643918 0.164346 0.433889 0.720007 0.549259 0.059309 0.253612 0.012284
0.183980 0.260284 0.182884 0.696108 0.273527 0.174682 0.360208 0.719502 0.411027 0.993841 0.360046 0.515707
0.213996 0.539982 0.798069 0.322450 0.630026 0.117378 0.153077 0.914341 0.172107 0.546739 0.263894 0.487543
0.146399 0.517676 0.742544 0.178037 0.228706 0.122344 0.113454 0.613308 0.891660 0.751209 0.988073 0.589544
0.447631 0.464164 0.937230 0.273586 0.813632 0.491935 0.486284 0.108321 0.959813 0.057453 0.817746 0.756865
0.424892 0.883582 0.008218 0.098052 0.460464 0.193715 0.415720 0.394082 0.308194 0.100659 0.824835 0.675773
0.833224 0.738887 0.225325 0.913465 0.053748 0.272418 0.938807 0.612913 0.519846 0.042124 0.492612 0.684915
0.677263 0.760010 0.772805 0.874920 0.735195 0.474793 0.125631 0.607095 0.505642 0.907997 0.629662 0.620845
0.725031 0.796836 0.142868 0.680368 0.270059 0.568591 0.187656 0.393918 0.605196 0.397631 0.229488 0.985986
0.482538 0.752931 0.563241 0.011623 0.232977 0.931066 0.263270 0.981473 0.082460 0.993104 0.326205 0.325420
0.909407 0.205332 0.495857 0.149503 0.161532 0.560873 0.580292 0.531424 0.371617 0.671376 0.403971 0.924944
0.933662 0.289299 0.815633 0.736116 0.784276 0.654598 0.052398 0.769647 0.375791 0.517090 0.670323 0.553141
0.793912 0.536631 0.386845 0.402183 0.667058 0.328142 0.676569 0.524230 0.651735 0.533429 0.196530 0.352187
0.501619 0.368747 0.827284 0.614986 0.700039 0.907667 0.132563 0.054330 0.619888 0.006117 0.955032 0.325831
0.911015 0.521807 0.711897 0.917635 0.382539 0.697199 0.638824 0.371803 0.712562 0.157788 0.173570 0.321578
0.033279 0.203457 0.682283 0.956365 0.376470 0.654207 0.767081 0.603979 0.870773 0.012043 0.956807 0.021069
0.052164 0.792117 0.825489 0.019132 0.387319 0.043879 0.695081 0.964726 0.411355 0.981975 0.628857 0.674988
0.368013 0.578253 0.270393 0.233615 0.143456 0.502390 0.972382 0.122910 0.427215 0.307389 0.507062 0.273033
0.143309 0.735129 0.294804 0.244953 0.223700 0.353902 0.770750 0.906701 0.069674 0.848085 0.839575 0.817128
0.345292 0.125740 0.026741 0.555031 0.946303 0.073587 0.412861 0.297769 0.215525 0.536238 0.221730 0.138385
0.425708 0.235833 0.035036 0.316558 0.673198 0.361681 0.523372 0.007090 0.569798 0.233787 0.101108 0.588917
0.867712 0.058855 0.434957 0.270348 0.298964 0.435412 0.881281 0.485078 0.638449 0.842514 0.235966 0.874357
0.347471 0.363340 0.734285 0.200217 0.349459 0.070366 0.611204 0.522849 0.063587 0.485266 0.986750 0.856805
0.547109 0.477625 0.062764 0.647373 0.089607 0.150208 0.103602 0.048797 0.785262 0.687484 0.239689 0.053975
0.258417 0.725441 0.988143 0.939673 0.178762 0.527324 0.030778 0.466768 0.731361 0.296560 0.068843 0.764638
0.576786 0.313798 0.197605 0.393989 0.088778 0.677964 0.688030 0.137574 0.469021 0.023598 0.187277 0.613578
0.800862 0.466757 0.712464 0.546386 0.592366 0.740661 0.584967 0.660171 0.612071 0.001317 0.684780 0.066423
0.212746 0.407099 0.240006 0.941528 0.467697 0.799787 0.818134 0.429866 0.505262 0.937324 0.431393 0.522002
0.671724 0.021741 0.648173 0.426756 0.842940 0.550084 0.649434 0.098205 0.819121 0.868516 0.847370 0.503872
0.654747 0.251676 0.611399 0.815639 0.316528 0.271490 0.757857 0.137289 0.986273 0.504178 0.894541 0.580710
0.921790 0.813575 0.083764 0.588962 0.635394 0.823308 0.847946 0.351917 0.000812 0.353429 0.080053 0.580933
0.532019 0.642853 0.580232 0.780486 0.386596 0.345445 0.742815 0.136534 0.243312 0.145906 0.181267 0.655682
0.659444 0.389611 0.285727 0.446371 0.212811 0.789366 0.791471 0.528384 0.149516 0.531995 0.135667 0.683957
0.927395 0.781768 0.422039 0.488943 0.641493 0.629838 0.967299 0.781730 0.166974 0.835360 0.756736 0.804609
0.542149 0.765061 0.255595 0.027590 0.475130 0.561870 0.491282 0.819868 0.070319 0.595547 0.977918 0.804454
0.883233 0.060935 0.808260 0.125603 0.551456 0.197846 0.624937 0.884585 0.318864 0.830070 0.193507 0.736426
0.111125 0.567925 0.398080 0.471020 0.181415 0.075910 0.192226 0.791798 0.092404 0.248470 0.549290 0.202821
0.640408 0.489095 0.942110 0.509825 0.062651 0.827587 0.056938 0.694777 0.844834 0.846828 0.534647 0.211500
0.731717 0.257671 0.318233 0.981527 0.501495 0.068854 0.218074 0.971519 0.064560 0.761311 0.514951 0.021480
0.719191 0.301433 0.403403 0.874713 0.499109 0.212645 0.072121 0.221001 0.208395 0.616224 0.110282 0.505873
0.113406 0.207183 0.775474 0.788516 0.670646 0.093124 0.758249 0.457075 0.385935 0.548716 0.379187 0.976676
0.099878 0.385334 0.315560 0.752346 0.150470 0.734555 0.733939 0.520249 0.458565 0.008340 0.083567 0.332711
0.624746 0.440389 0.756810 0.100965 0.651974 0.088013 0.753049 0.298964 0.631775 0.974691 0.454245 0.475362
0.818557 0.461006 0.273404 0.654487 0.764802 0.669713 0.259795 0.813246 0.959257 0.430796 0.432055 0.113507
0.079756 0.878823 0.861836 0.597632 0.173064 0.851577 0.348033 0.167150 0.768265 0.665027 0.281012 0.336075
0.390974 0.430257 0.553518 0.324347 0.761666 0.727418 0.678969 0.922770 0.168651 0.978711 0.967225 0.463040
0.285519 0.803057 0.992690 0.145500 0.753984 0.568236 0.943886 0.496348 0.668379 0.318937 0.799721 0.925888
0.405296 0.127002 0.987691 0.956842 0.826202 0.545787 0.147434 0.859698 0.218047 0.116259 0.438796 0.618014
0.246566 0.288330 0.010742 0.887564 0.474726 0.107477 0.932903 0.248767 0.419154 0.416196 0.473738 0.388639
0.807565 0.408979 0.873842 0.552351 0.872424 0.340888 0.937578 0.520285 0.942439 0.266363 0.012118 0.936880
0.195008 0.861229 0.613085 0.094316 0.452145 0.759054 0.745613 0.988495 0.898418 0.368216 0.153636 0.663458
0.415077 0.652354 0.596087 0.138823 0.562691 0.657240 0.845996 0.853071 0.678012 0.716013 0.733092 0.574605
0.818517 0.116209 0.070292 0.413448 0.794746 0.611496 0.096845 0.356275 0.651638 0.345428 0.755574 0.554081
0.220299 0.184790 0.902495 0.015021 0.180213 0.037756 0.610879 0.072150 0.286776 0.891258 0.402856 0.458678
0.304599 0.641955 0.361124 0.570453 0.863654 0.072051 0.280778 0.782263 0.379257 0.943595 0.501054 0.658753
0.645218 0.056728 0.833000 0.759611 0.486743 0.574616 0.707092 0.642393 0.592805 0.300383 0.851912 0.868518
0.017080 0.567702 0.738694 0.665902 0.567401 0.929765 0.624601 0.326393 0.348318 0.988744 0.105947 0.836837
0.961517 0.957290 0.109479 0.947060 0.716115 0.591315 0.950071 0.735809 0.709991 0.253722 0.093451 0.695449
0.952724 0.951144 0.451408 0.482639 0.741628 0.940641 0.313490 0.555785 0.765603 0.892828 0.635038 0.954691
0.269659 0.786413 0.280384 0.299132 0.335990 0.447784 0.941597 0.445924 0.909912 0.233705 0.604184 0.706013
0.521127 0.589167 0.902420 0.395116 0.431296 0.913340 0.781948 0.279833 0.300404 0.184665 0.720704 0.131533
0.857073 0.231987 0.166399 0.927403 0.483496 0.296827 0.184011 0.232519 0.888727 0.959660 0.263315 0.591737
0.487542 0.750678 0.213748 0.232994 0.241962 0.900966 0.176381 0.247190 0.481367 0.207447 0.863682 0.073980
0.656082 0.306869 0.521922 0.695180 0.493022 0.178661 0.042002 0.612522 0.063528 0.451708 0.768236 0.844937
0.222206 0.548402 0.477603 0.182444 0.914368 0.725289 0.670799 0.042873 0.432240 0.357881 0.371954 0.678081
0.006483 0.447037 0.313441 0.539793 0.782030 0.144964 0.220024 0.564673 0.927704 0.200979 0.722235 0.267493
0.254123 0.156481 0.691460 0.413118 0.801759 0.907993 0.302595 0.573468 0.018640 0.894726 0.752672 0.541327
0.413910 0.018077 0.015367 0.518187 0.552214 0.837527 0.878678 0.234868 0.215176 0.008489 0.061183 0.586093
0.528072 0.179572 0.565208 0.173406 0.425741 0.447189 0.224110 0.932801 0.257415 0.738635 0.942332 0.775546
0.498932 0.208653 0.188698 0.517755 0.417688 0.775471 0.367743 0.075236 0.906876 0.483906 0.273543 0.829680
0.390076 0.044919 0.417529 0.864916 0.411354 0.057025 0.115628 0.684863 0.841868 0.515067 0.820566 0.134909
0.543009 0.370720 0.018752 0.406103 0.879349 0.922775 0.075889 0.519285 0.056652 0.928800 0.288674 0.382332
0.820934 0.640709 0.498063 0.198483 0.999030 0.387566 0.207921 0.146941 0.694674 0.785941 0.699247 0.040423
0.370824 0.439335 0.644666 0.905804 0.814623 0.334232 0.189099 0.819869 0.125496 0.231048 0.373201 0.134328
0.607056 0.298116 0.537041 0.134352 0.338671 0.886289 0.524225 0.513821 0.702364 0.139049 0.994405 0.115452
0.086928 0.179156 0.262076 0.429085 0.496384 0.319818 0.904894 0.965207 0.446107 0.262955 0.711341 0.655497
0.529840 0.004074 0.910962 0.695015 0.541490 0.297113 0.774721 0.556364 0.086303 0.947417 0.630989 0.378922
0.689323 0.142906 0.338453 0.704827 0.778256 0.737316 0.499780 0.117097 0.751858 0.856810 0.717301 0.673226
0.318614 0.819322 0.209474 0.232246 0.803885 0.041336 0.083288 0.357921 0.746406 0.126138 0.065304 0.001878
0.322420 0.624064 0.193644 0.675170 0.393738 0.916678 0.638586 0.171398 0.509381 0.208623 0.700362 0.286457
0.631218 0.979090 0.002656 0.530559 0.027512 0.678882 0.092670 0.205781 0.887898 0.230288 0.576525 0.771564
0.462497 0.318337 0.920127 0.629461 0.234860 0.619778 0.287572 0.351084 0.389540 0.912610 0.017358 0.036572
0.789685 0.347819 0.917519 0.480033 0.652377 0.213712 0.533733 0.594673 0.565122 0.442089 0.148258 0.443815
0.012759 0.680822 0.483824 0.502795 0.406073 0.659321 0.037252 0.662477 0.820193 0.721428 0.119330 0.730207
0.172635 0.480612 0.328771 0.235432 0.474674 0.497008 0.711662 0.948988 0.277812 0.333657 0.112142 0.843616
0.035384 0.222876 0.774131 0.407155 0.010026 0.578443 0.836969 0.523327 0.684838 0.769609 0.859165 0.550583
0.569475 0.951815 0.775898 0.656241 0.560484 0.633799 0.155620 0.172521 0.052588 0.989531 0.340435 0.453944
0.338607 0.743194 0.308084 0.311300 0.744979 0.180926 0.764241 0.494449 0.849413 0.685456 0.436681 0.024922
0.398039 0.678910 0.746692 0.663901 0.554150 0.696960 0.404457 0.987342 0.182011 0.578693 0.078473 0.197307
0.473191 0.934480 0.358143 0.222892 0.431058 0.401094 0.079544 0.008398 0.984552 0.726268 0.517448 0.203716
0.652776 0.171330 0.072367 0.052872 0.454190 0.303301 0.420586 0.692743 0.099783 0.282771 0.758867 0.817806
0.960625 0.206571 0.689185 0.337466 0.965821 0.568811 0.432573 0.243543 0.352473 0.315505 0.439062 0.687796
0.802073 0.172316 0.363758 0.591237 0.609515 0.828133 0.674820 0.213753 0.834888 0.861614 0.597900 0.618270
0.219384 0.319394 0.166836 0.672635 0.845306 0.939622 0.852945 0.830055 0.725253 0.614638 0.401682 0.710008
0.802319 0.248554 0.171691 0.401723 0.591752 0.216952 0.914280 0.103843 0.901953 0.709055 0.269780 0.402067
0.604055 0.062309 0.004364 0.493114 0.730939 0.984396 0.065700 0.527419 0.882645 0.447641 0.739183 0.763589
0.062355 0.832758 0.540989 0.682532 0.626923 0.265857 0.348828 0.982430 0.062072 0.183981 0.621579 0.888702
0.780514 0.633860 0.417843 0.023238 0.741406 0.927520 0.711527 0.068332 0.410701 0.841440 0.195547 0.098424
0.262601 0.011342 0.746713 0.414390 0.573526 0.235616 0.858664 0.103600 0.210658 0.636933 0.655624 0.113125
0.516749 0.415073 0.111277 0.163906 0.509569 0.916386 0.818038 0.345902 0.955247 0.596044 0.635760 0.851169
0.031379 0.056356 0.733612 0.272876 0.521735 0.086410 0.213496 0.542883 0.230260 0.255111 0.547955 0.310651
0.097520 0.140052 0.929790 0.786018 0.076645 0.890288 0.203191 0.855170 0.969655 0.688458 0.141238 0.560715
0.236077 0.870910 0.702453 0.549563 0.552254 0.905772 0.204032 0.339031 0.261635 0.939631 0.909984 0.072594
0.765292 0.437440 0.070936 0.414680 0.459866 0.563003 0.085251 0.582131 0.866246 0.150751 0.247792 0.812913
0.525307 0.905968 0.956503 0.005181 0.197580 0.761405 0.905081 0.128247 0.330606 0.392624 0.257818 0.344826
0.689892 0.960915 0.280174 0.881685 0.087549 0.882597 0.316724 0.704229 0.791239 0.444241 0.857814 0.986631
0.608227 0.011394 0.285623 0.300080 0.983825 0.985292 0.285106 0.707331 0.097743 0.961791 0.263935 0.117377
0.455923 0.316827 0.060019 0.622087 0.977890 0.417180 0.496856 0.865971 0.488736 0.328608 0.964418 0.051385
0.125191 0.738184 0.804454 0.432896 0.762023 0.742721 0.322782 0.156200 0.031689 0.067230 0.984364 0.262381
0.354140 0.837143 0.286009 0.120671 0.388059 0.413939 0.510356 0.950407 0.849792 0.837000 0.960142 0.177941
0.525226 0.650333 0.143526 0.548542 0.247952 0.098616 0.772144 0.246992 0.448512 0.013663 0.098089 0.203748
0.814640 0.765667 0.335884 0.032300 0.706931 0.521547 0.299102 0.431892 0.794636 0.237395 0.899588 0.387946
0.481432 0.594942 0.284282 0.112074 0.838813 0.762885 0.764946 0.695620 0.476117 0.278964 0.054244 0.379691
0.662085 0.122111 0.835002 0.053668 0.745884 0.788391 0.019306 0.130755 0.424546 0.226615 0.516681 0.143179
0.643603 0.507913 0.406862 0.111433 0.129457 0.981892 0.515523 0.546223 0.711532 0.140730 0.630276 0.032828
0.137896 0.400567 0.098367 0.368452 0.360368 0.877361 0.873234 0.077925 0.170558 0.191566 0.240627 0.347815
0.327362 0.537144 0.933554 0.676546 0.965313 0.731668 0.952495 0.228473 0.580798 0.182616 0.563737 0.535778
0.277263 0.418492 0.233739 0.828469 0.457021 0.023737 0.582492 0.120727 0.998246 0.623455 0.123878 0.830580
0.996940 0.769473 0.553784 0.104999 0.812950 0.392276 0.458262 0.189488 0.212884 0.974025 0.591594 0.365192
0.592696 0.069315 0.695240 0.581319 0.091219 0.610886 0.452951 0.001414 0.861760 0.127798 0.205830 0.587116
