0.385828 0.682637 0.319477 0.749434 0.462108 0.178227 0.390010 0.677626 0.901599 0.459198 0.709167 0.999086
0.791462 0.085050 0.542450 0.375697 0.418860 0.830920 0.898617 0.377551 0.168629 0.685973 0.758638 0.939984
0.837318 0.070378 0.287768 0.263177 0.718716 0.562998 0.308758 0.905369 0.017216 0.806873 0.898829 0.550703
0.266389 0.838321 0.007995 0.458210 0.199004 0.574320 0.805293 0.278251 0.317766 0.109559 0.876203 0.296664
0.466208 0.773341 0.916553 0.565383 0.156549 0.888206 0.514317 0.863106 0.431163 0.672786 0.166465 0.489556
0.193971 0.954362 0.359259 0.433828 0.019299 0.432590 0.094437 0.700730 0.391169 0.698413 0.802307 0.348543
0.269813 0.720800 0.794801 0.876595 0.761900 0.615563 0.087224 0.016549 0.655626 0.261817 0.003414 0.975657
0.833142 0.163781 0.884372 0.496232 0.345468 0.566538 0.673931 0.022134 0.337819 0.002059 0.951035 0.662682
0.986303 0.104195 0.644193 0.749387 0.320827 0.358660 0.176735 0.949949 0.638574 0.166050 0.316765 0.262884
0.956300 0.320382 0.377984 0.482891 0.750152 0.030773 0.654723 0.682575 0.893282 0.378294 0.108879 0.874699
0.947564 0.726921 0.873003 0.731399 0.582238 0.531966 0.585418 0.766236 0.534897 0.897266 0.810500 0.086162
0.258913 0.573933 0.282552 0.276933 0.299282 0.669959 0.279082 0.632570 0.680463 0.113708 0.263354 0.253679
0.203477 0.240403 0.659494 0.927613 0.577236 0.737229 0.471665 0.682246 0.292047 0.138079 0.598849 0.510379
0.168224 0.067425 0.021492 0.811884 0.931504 0.124956 0.782060 0.533728 0.402594 0.972968 0.938966 0.827151
0.621745 0.215671 0.819638 0.469483 0.897500 0.892951 0.059407 0.750689 0.787540 0.157602 0.364139 0.725056
0.473002 0.643097 0.398154 0.433966 0.660831 0.098063 0.461728 0.121621 0.209393 0.311348 0.321093 0.409475
0.915915 0.279598 0.501412 0.253677 0.047186 0.156879 0.253999 0.597588 0.258864 0.504804 0.538088 0.244779
0.214953 0.415434 0.378650 0.671599 0.535809 0.175014 0.739192 0.899710 0.920353 0.947342 0.347472 0.081533
0.380969 0.414363 0.834912 0.165625 0.846710 0.529908 0.406075 0.080530 0.379730 0.989775 0.408270 0.434085
0.334479 0.672568 0.840937 0.974547 0.516978 0.331527 0.390439 0.394919 0.167714 0.465130 0.405861 0.023113
0.536196 0.814152 0.027657 0.637117 0.096281 0.831103 0.081456 0.585315 0.450931 0.553175 0.418763 0.653338
0.618074 0.108729 0.465889 0.631403 0.846553 0.233305 0.161437 0.797187 0.937620 0.575287 0.338186 0.180004
0.162543 0.936615 0.586443 0.247781 0.947550 0.184627 0.553565 0.848482 0.917322 0.218487 0.469391 0.420178
0.877199 0.024647 0.007513 0.652478 0.364606 0.667505 0.163520 0.037771 0.375270 0.392348 0.072680 0.132642
0.461796 0.035593 0.277344 0.834148 0.803099 0.965918 0.801637 0.539266 0.426327 0.661212 0.252503 0.812551
0.066043 0.661216 0.573295 0.185048 0.574078 0.149413 0.355486 0.215061 0.848741 0.814694 0.151191 0.156919
0.907978 0.687626 0.958778 0.676376 0.898721 0.813935 0.597497 0.555696 0.576801 0.426210 0.884816 0.621881
0.909586 0.324263 0.352613 0.071066 0.032344 0.817676 0.426369 0.592092 0.559469 0.449918 0.206562 0.367816
0.519928 0.680575 0.567385 0.938587 0.473211 0.195908 0.655951 0.503897 0.615246 0.372599 0.963016 0.735478
0.256542 0.115117 0.713689 0.367638 0.624233 0.185754 0.787488 0.747355 0.855208 0.782010 0.921200 0.810486
0.769838 0.813975 0.924936 0.060517 0.792225 0.590427 0.934315 0.917765 0.673614 0.193245 0.653751 0.696238
0.146250 0.606341 0.426090 0.677916 0.091735 0.764371 0.535603 0.228873 0.973661 0.172637 0.267276 0.986919
0.919191 0.285644 0.886638 0.227144 0.170787 0.341044 0.767952 0.822892 0.066384 0.574699 0.147083 0.586624
0.998945 0.239322 0.353016 0.717095 0.337809 0.493143 0.666471 0.869553 0.836055 0.245236 0.530039 0.139478
0.577795 0.472363 0.833495 0.117444 0.946873 0.769539 0.743745 0.202628 0.097554 0.883088 0.709649 0.001963
0.459209 0.784699 0.174018 0.972229 0.432227 0.746485 0.867093 0.892408 0.723393 0.299340 0.125412 0.899233
0.116792 0.488916 0.529157 0.400655 0.907366 0.418709 0.178263 0.837491 0.636356 0.722119 0.051305 0.224334
0.757442 0.637573 0.865550 0.679028 0.862688 0.730486 0.456064 0.322093 0.043121 0.219302 0.937565 0.638032
0.513173 0.307674 0.835288 0.934583 0.510189 0.759074 0.658506 0.490822 0.924246 0.041822 0.541730 0.318599
0.972439 0.937935 0.758666 0.920899 0.722671 0.670312 0.667923 0.161737 0.782555 0.579273 0.855963 0.858932
0.885669 0.120166 0.643245 0.986861 0.713680 0.570321 0.472868 0.912880 0.398585 0.267386 0.177930 0.084790
0.185592 0.696410 0.666506 0.976900 0.668525 0.442853 0.653195 0.759633 0.590814 0.548905 0.238870 0.066997
0.364308 0.908984 0.779887 0.479335 0.375453 0.332879 0.147714 0.819129 0.911672 0.851576 0.154684 0.592694
0.111970 0.010552 0.421976 0.888741 0.826365 0.061999 0.783292 0.524242 0.961894 0.932809 0.437398 0.592614
0.884234 0.445570 0.390625 0.615557 0.998373 0.536969 0.611192 0.246467 0.359312 0.142209 0.237839 0.059931
0.295021 0.980186 0.369681 0.307408 0.415608 0.051306 0.396732 0.059747 0.377361 0.966370 0.653474 0.765885
0.620316 0.878631 0.415713 0.707602 0.793495 0.891278 0.005264 0.834353 0.831735 0.591511 0.207553 0.465578
0.318576 0.640549 0.219898 0.825662 0.663900 0.409198 0.917911 0.664352 0.987386 0.801155 0.034971 0.898706
0.733768 0.332808 0.049057 0.682397 0.446910 0.547615 0.390096 0.789125 0.636000 0.535375 0.508601 0.015952
0.073758 0.727750 0.291428 0.272967 0.628327 0.651059 0.777080 0.446678 0.411090 0.397618 0.179947 0.611785
0.051006 0.215015 0.540080 0.271045 0.494211 0.891292 0.272682 0.763684 0.499582 0.348052 0.673205 0.836412
0.157314 0.273376 0.215950 0.690988 0.702461 0.221467 0.019691 0.944302 0.748257 0.704132 0.141389 0.967209
0.544267 0.935362 0.063603 0.308074 0.034373 0.424062 0.242246 0.066731 0.373960 0.689124 0.084600 0.344576
0.338152 0.103151 0.208496 0.309207 0.868486 0.135748 0.283080 0.441346 0.159154 0.372069 0.818335 0.808431
0.450050 0.078448 0.689436 0.460648 0.966957 0.385430 0.635888 0.591542 0.081948 0.257373 0.052280 0.895327
0.487531 0.827002 0.464448 0.533677 0.826798 0.948037 0.433562 0.740016 0.219677 0.334648 0.100727 0.086846
0.119318 0.891376 0.044369 0.354142 0.387360 0.549575 0.286729 0.864509 0.444971 0.976286 0.903850 0.185905
0.248535 0.408921 0.490226 0.788576 0.791754 0.916771 0.150409 0.613927 0.657801 0.281346 0.133494 0.891256
0.595538 0.839777 0.628551 0.040179 0.616165 0.808874 0.267475 0.775272 0.480306 0.029555 0.105750 0.710931
0.983378 0.281472 0.570850 0.411253 0.094022 0.405353 0.981793 0.544385 0.224637 0.455271 0.498948 0.437446
0.511941 0.324255 0.433821 0.220805 0.596312 0.842502 0.827755 0.140309 0.439571 0.636025 0.761338 0.846483
0.803056 0.867288 0.328865 0.428732 0.495653 0.723947 0.646189 0.991685 0.565091 0.042714 0.749700 0.317078
0.608255 0.150332 0.051389 0.444935 0.627146 0.977240 0.367307 0.541032 0.223079 0.187618 0.709953 0.507288
0.264126 0.575074 0.501540 0.895259 0.811212 0.355431 0.633107 0.681644 0.966500 0.261098 0.284155 0.522519
0.149510 0.031991 0.897403 0.625313 0.895654 0.881486 0.823335 0.872184 0.882273 0.712591 0.104198 0.705165
0.915414 0.289675 0.402977 0.325284 0.919418 0.569246 0.872299 0.339118 0.239417 0.521901 0.216708 0.720043
0.520643 0.204963 0.064048 0.200491 0.545250 0.423130 0.881953 0.069251 0.286177 0.723051 0.514809 0.529061
0.195957 0.127944 0.040569 0.265472 0.262751 0.709542 0.650672 0.609154 0.523198 0.528762 0.177165 0.552871
0.544109 0.459629 0.763309 0.073985 0.697694 0.762714 0.278242 0.058442 0.860688 0.909574 0.519360 0.217869
0.257648 0.373949 0.685271 0.686742 0.877687 0.436605 0.507127 0.988094 0.180693 0.532022 0.154678 0.942116
0.147513 0.820342 0.625882 0.062984 0.724929 0.338726 0.919498 0.108214 0.661767 0.778033 0.448460 0.645742
0.926892 0.805910 0.734977 0.271474 0.332808 0.861756 0.393280 0.388055 0.535246 0.806178 0.370909 0.697045
0.303726 0.040105 0.730463 0.582225 0.253522 0.578778 0.764995 0.167561 0.864165 0.482800 0.006607 0.254211
0.673392 0.037562 0.565309 0.705585 0.226595 0.207353 0.727338 0.191901 0.595468 0.632809 0.211471 0.996048
0.864224 0.819396 0.158798 0.853152 0.152977 0.662842 0.327234 0.649239 0.184609 0.088961 0.990564 0.413459
0.002325 0.065160 0.816625 0.220186 0.830949 0.950687 0.402501 0.300357 0.881454 0.597118 0.197632 0.558145
0.655123 0.111247 0.583307 0.181556 0.454581 0.774492 0.228721 0.779870 0.151581 0.911523 0.177624 0.312386
0.325829 0.865679 0.681517 0.638417 0.752417 0.669122 0.604344 0.744989 0.185651 0.418104 0.881854 0.996103
0.411084 0.156823 0.967477 0.717111 0.190619 0.193479 0.173323 0.961791 0.706000 0.019906 0.550254 0.700190
0.405027 0.340092 0.643372 0.968129 0.179036 0.586416 0.426607 0.506532 0.263711 0.924874 0.529335 0.507882
0.660523 0.591652 0.787562 0.866966 0.601769 0.197060 0.221667 0.187737 0.390033 0.674779 0.513067 0.536036
0.955376 0.126688 0.038484 0.124416 0.155913 0.893338 0.792412 0.278906 0.690463 0.407146 0.584747 0.613986
0.934642 0.500836 0.114019 0.464324 0.873854 0.815495 0.951737 0.954535 0.177184 0.562822 0.204022 0.262619
0.987231 0.706073 0.680563 0.296861 0.652484 0.461447 0.591872 0.130426 0.324475 0.795636 0.691654 0.535817
0.752824 0.182756 0.246132 0.598250 0.980990 0.726146 0.677812 0.030190 0.446258 0.168220 0.981276 0.065801
0.075771 0.800736 0.378443 0.862689 0.640542 0.512989 0.645822 0.791133 0.370349 0.300053 0.420811 0.785617
0.332833 0.713782 0.021879 0.361542 0.623397 0.425179 0.658746 0.406199 0.918730 0.673858 0.327406 0.825821
0.964032 0.126821 0.485275 0.740571 0.407721 0.993695 0.580422 0.550424 0.212551 0.599882 0.778097 0.654294
0.683190 0.909745 0.284447 0.521493 0.034118 0.491148 0.667363 0.512244 0.712706 0.799393 0.656230 0.694945
0.479525 0.182694 0.526970 0.909960 0.009340 0.060882 0.362131 0.924819 0.625858 0.386175 0.948709 0.665745
0.251042 0.040075 0.379024 0.778197 0.006544 0.252917 0.747012 0.008457 0.357475 0.413528 0.878891 0.762370
0.946898 0.596968 0.145489 0.162707 0.468645 0.261815 0.225543 0.511259 0.996535 0.638920 0.532444 0.032185
0.948961 0.957221 0.101753 0.990203 0.916058 0.178812 0.451984 0.809324 0.704957 0.284910 0.354419 0.950606
0.885126 0.691970 0.795729 0.662803 0.382200 0.156321 0.512541 0.003715 0.584134 0.911734 0.198471 0.700071
0.519438 0.543339 0.335376 0.640792 0.210142 0.436626 0.302463 0.872772 0.887749 0.430532 0.069597 0.027290
0.271665 0.580116 0.294625 0.246321 0.055590 0.111543 0.188031 0.779106 0.597323 0.065893 0.972107 0.714312
0.542184 0.356473 0.471095 0.151532 0.077580 0.208682 0.475679 0.072620 0.483243 0.046940 0.991334 0.947302
0.130033 0.336657 0.868321 0.719904 0.986599 0.239989 0.147327 0.644277 0.063223 0.269837 0.752730 0.590831
0.539337 0.439018 0.762425 0.700785 0.539904 0.924122 0.518624 0.047278 0.380175 0.646346 0.903722 0.211566
0.338510 0.496732 0.066926 0.166435 0.817625 0.990469 0.266445 0.972158 0.541952 0.699042 0.468188 0.268240
0.023040 0.484194 0.823108 0.913624 0.358562 0.472795 0.509982 0.623715 0.705133 0.528268 0.112976 0.813833
0.813685 0.800609 0.238803 0.866351 0.021950 0.016243 0.477319 0.154158 0.874861 0.864099 0.472329 0.903947
0.071175 0.055542 0.743495 0.537832 0.453912 0.578150 0.925095 0.820538 0.797088 0.765749 0.732560 0.060513
0.012955 0.365609 0.208607 0.200799 0.189958 0.868265 0.036062 0.199720 0.449646 0.353517 0.203716 0.912466
0.752235 0.226072 0.959103 0.955542 0.293414 0.418702 0.132715 0.050823 0.873278 0.507365 0.044388 0.550455
0.672401 0.950803 0.919031 0.629988 0.298474 0.161179 0.821443 0.674460 0.523374 0.767988 0.905324 0.074572
0.649352 0.925942 0.348338 0.282075 0.462640 0.722930 0.211844 0.564008 0.108305 0.067315 0.407134 0.203827
0.125910 0.995617 0.894666 0.843370 0.247185 0.271944 0.618776 0.616562 0.538609 0.119711 0.283144 0.018941
0.350922 0.159442 0.447324 0.945638 0.742613 0.161503 0.054784 0.579656 0.676148 0.130014 0.317092 0.547578
0.456651 0.421409 0.320234 0.062345 0.645613 0.761225 0.302635 0.123960 0.024959 0.038554 0.504657 0.088566
0.869584 0.692571 0.682195 0.548912 0.605400 0.995370 0.982381 0.899830 0.674887 0.450551 0.389032 0.873053
0.072776 0.159279 0.746641 0.951149 0.321923 0.098573 0.876805 0.310837 0.863263 0.389099 0.422750 0.991858
0.780800 0.640431 0.164934 0.082286 0.182701 0.065333 0.060034 0.385194 0.556897 0.554591 0.673835 0.913275
0.616559 0.307340 0.020756 0.122661 0.043451 0.553965 0.589103 0.645712 0.472485 0.048817 0.930679 0.370517
0.716589 0.488024 0.996390 0.339276 0.094232 0.916924 0.627218 0.410059 0.958061 0.882664 0.213236 0.725280
0.071592 0.595085 0.827050 0.335795 0.078348 0.097009 0.981831 0.027161 0.851718 0.203395 0.773176 0.997763
0.728919 0.006518 0.957046 0.428347 0.494936 0.649334 0.624765 0.116270 0.347009 0.293651 0.075957 0.866920
0.105956 0.486017 0.982876 0.658740 0.138266 0.497048 0.667260 0.346584 0.169965 0.566544 0.093565 0.792950
0.616473 0.249894 0.939290 0.110767 0.076395 0.965949 0.902020 0.994438 0.929647 0.446243 0.255062 0.271315
0.173952 0.347224 0.243357 0.431803 0.622419 0.267854 0.183175 0.181965 0.682731 0.083083 0.702938 0.936864
0.443223 0.572710 0.791634 0.267114 0.909958 0.349578 0.338370 0.384965 0.485489 0.044647 0.652668 0.801382
0.903391 0.588704 0.299139 0.748362 0.591609 0.640724 0.953513 0.912092 0.901935 0.267805 0.750811 0.962475
0.633893 0.427380 0.674301 0.884102 0.265005 0.886987 0.391834 0.824723 0.429791 0.400729 0.139903 0.652890
0.985261 0.611939 0.713225 0.558441 0.121507 0.805941 0.328856 0.559763 0.240687 0.928593 0.409931 0.654707
0.871423 0.828761 0.571313 0.676315 0.447516 0.024167 0.437345 0.716613 0.052590 0.740516 0.878792 0.752639
0.288766 0.315421 0.855124 0.337755 0.235962 0.104898 0.935671 0.838591 0.208667 0.456425 0.738035 0.560638
0.760513 0.526659 0.415802 0.682104 0.068966 0.533703 0.859868 0.887756 0.947684 0.703921 0.212544 0.373959
0.428599 0.530421 0.679628 0.497464 0.410860 0.491200 0.753958 0.473821 0.891286 0.122719 0.430406 0.646942
0.031361 0.842661 0.357591 0.531809 0.306333 0.360439 0.075271 0.429741 0.387609 0.895230 0.504492 0.948767
0.735230 0.799728 0.259857 0.893618 0.381651 0.681629 0.240065 0.305980 0.067100 0.659126 0.491165 0.532298
0.521660 0.208528 0.188643 0.551901 0.176931 0.931148 0.573552 0.055796 0.447103 0.193960 0.293250 0.949059
0.976621 0.952023 0.488703 0.518288 0.940747 0.979233 0.401646 0.241654 0.258735 0.135590 0.396426 0.539674
0.297532 0.026332 0.178334 0.649549 0.108546 0.637111 0.820668 0.137201 0.645458 0.564262 0.959609 0.319569
0.936950 0.356397 0.473860 0.322058 0.465795 0.156024 0.563493 0.098214 0.621448 0.011048 0.056252 0.990624
0.924093 0.529545 0.916983 0.349964 0.295331 0.387073 0.132431 0.479290 0.273848 0.146256 0.435111 0.119629
0.375842 0.670580 0.526296 0.434669 0.993413 0.286602 0.609309 0.656514 0.588348 0.613206 0.217225 0.811959
0.785566 0.144990 0.384051 0.651166 0.688236 0.910332 0.452710 0.124404 0.743208 0.977967 0.642794 0.728002
0.865004 0.360813 0.726456 0.174923 0.722148 0.775280 0.957616 0.748915 0.200619 0.781063 0.325454 0.370764
0.386737 0.454487 0.443199 0.576674 0.246040 0.734685 0.623771 0.909101 0.251222 0.788106 0.424129 0.363674
0.955231 0.422762 0.204869 0.569796 0.774326 0.932219 0.944529 0.373355 0.551956 0.766004 0.177184 0.900859
0.137313 0.809877 0.731806 0.420081 0.676276 0.126106 0.529863 0.120772 0.250204 0.863654 0.520432 0.518540
0.609736 0.134361 0.227454 0.702055 0.501715 0.440521 0.697162 0.745447 0.035633 0.114247 0.739781 0.814035
0.101215 0.110121 0.007404 0.908013 0.415367 0.865849 0.553337 0.963060 0.521322 0.142022 0.676963 0.060559
0.106746 0.967654 0.003505 0.469497 0.294687 0.817763 0.881665 0.543201 0.801848 0.426499 0.892231 0.915423
0.306472 0.725260 0.614239 0.509476 0.548406 0.820405 0.746563 0.517544 0.744641 0.565374 0.518266 0.828244
0.466817 0.456249 0.961875 0.638441 0.427734 0.534815 0.397638 0.895451 0.917316 0.084886 0.927861 0.766304
0.013219 0.375681 0.174376 0.408102 0.061562 0.883406 0.041206 0.842201 0.446418 0.284307 0.443293 0.748570
0.721378 0.494677 0.334624 0.500930 0.290083 0.079838 0.921981 0.433804 0.224997 0.243262 0.669521 0.801222
0.421825 0.136006 0.511010 0.642959 0.098742 0.127875 0.083987 0.919017 0.657034 0.044063 0.859717 0.422069
0.268289 0.269245 0.660573 0.949759 0.547929 0.107333 0.682546 0.055352 0.547672 0.271050 0.388565 0.541745
0.447444 0.642331 0.659297 0.784864 0.736134 0.033928 0.001589 0.575922 0.566152 0.977036 0.268076 0.833386
0.637928 0.387547 0.236950 0.673835 0.469151 0.533256 0.459600 0.517065 0.838084 0.908381 0.908625 0.569577
0.977626 0.406291 0.891671 0.762086 0.637369 0.740690 0.196728 0.615948 0.647420 0.800307 0.342006 0.910510
0.808253 0.624628 0.485794 0.784631 0.412641 0.878749 0.707968 0.011983 0.364974 0.518634 0.001565 0.710716
0.601074 0.486813 0.600797 0.828886 0.437995 0.690429 0.243410 0.657793 0.916326 0.697883 0.071023 0.453852
0.956304 0.105375 0.748782 0.271206 0.770945 0.177091 0.421434 0.258967 0.960663 0.626448 0.748674 0.012857
0.970318 0.583811 0.630512 0.248860 0.729460 0.429288 0.942444 0.634246 0.369303 0.705339 0.781203 0.323043
0.426562 0.862258 0.427314 0.345617 0.692205 0.221834 0.279178 0.125427 0.224237 0.302971 0.852376 0.305242
0.763644 0.857957 0.814802 0.509394 0.797620 0.986428 0.589003 0.454883 0.564906 0.341127 0.527540 0.555255
0.780638 0.808139 0.116237 0.006398 0.965438 0.287844 0.799828 0.855861 0.220140 0.060062 0.609983 0.082216
0.676985 0.283884 0.249478 0.068508 0.854171 0.132294 0.764721 0.531792 0.884182 0.864882 0.377166 0.666262
0.088137 0.425542 0.532687 0.067866 0.735461 0.762551 0.056035 0.982454 0.295939 0.643554 0.686572 0.402033
0.933005 0.224761 0.431955 0.491989 0.212104 0.677102 0.646009 0.829760 0.952858 0.192661 0.806987 0.252180
0.939594 0.907309 0.458282 0.862372 0.776597 0.929753 0.641518 0.613287 0.660591 0.588311 0.655636 0.740530
0.989852 0.471631 0.658766 0.093532 0.748204 0.379101 0.030487 0.095488 0.425868 0.402973 0.503417 0.484629
0.995551 0.413199 0.476869 0.939784 0.811027 0.964292 0.889171 0.877753 0.568664 0.732869 0.515100 0.619563
0.184910 0.861374 0.772732 0.966155 0.855730 0.274617 0.831571 0.871205 0.436519 0.078314 0.363857 0.408997
0.846797 0.430302 0.977734 0.830362 0.815253 0.980070 0.530149 0.272662 0.833632 0.018574 0.093399 0.250912
0.787370 0.251317 0.858131 0.486723 0.249231 0.112744 0.421024 0.030322 0.864666 0.203513 0.384081 0.145635
0.888564 0.777908 0.247493 0.681280 0.187696 0.639623 0.709529 0.670096 0.779401 0.847506 0.972178 0.353821
0.620051 0.949914 0.968970 0.432609 0.255052 0.661237 0.180074 0.726569 0.292909 0.232752 0.454725 0.041482
0.499075 0.848220 0.865051 0.943403 0.358259 0.573887 0.345663 0.462630 0.166537 0.569114 0.283888 0.464414
0.407922 0.279450 0.624335 0.350020 0.246757 0.707331 0.481698 0.137439 0.622327 0.333428 0.406918 0.575766
0.488648 0.810556 0.673302 0.369114 0.416465 0.268952 0.152905 0.007682 0.574373 0.650560 0.108594 0.107884
0.214215 0.825531 0.714660 0.869823 0.765001 0.445946 0.095627 0.460320 0.096154 0.493588 0.368701 0.060000
0.888442 0.567308 0.571328 0.935935 0.742415 0.413971 0.564210 0.771075 0.667340 0.191583 0.881550 0.407194
0.906549 0.534874 0.842106 0.943070 0.375254 0.360299 0.294351 0.882219 0.101813 0.269301 0.561673 0.186141
0.082767 0.069261 0.288848 0.549012 0.816664 0.340241 0.570606 0.194425 0.724864 0.462306 0.245788 0.632657
0.907824 0.086576 0.980170 0.715845 0.977515 0.466232 0.257098 0.091722 0.355780 0.853314 0.183905 0.043915
0.371790 0.486927 0.127706 0.336469 0.646594 0.972437 0.221477 0.126545 0.556217 0.454435 0.940307 0.117904
0.305626 0.483189 0.872233 0.303241 0.777217 0.509321 0.805584 0.369078 0.109805 0.873618 0.419508 0.117216
0.948664 0.135764 0.489365 0.472813 0.672444 0.025681 0.376670 0.540297 0.682948 0.211795 0.431016 0.836082
0.964935 0.034631 0.439260 0.450069 0.184903 0.474825 0.354502 0.064301 0.101046 0.033438 0.824967 0.194922
0.309284 0.487792 0.383226 0.254410 0.588847 0.805219 0.636015 0.246608 0.052332 0.092358 0.536874 0.966472
0.922973 0.689875 0.305549 0.412456 0.908073 0.603011 0.900536 0.951311 0.956646 0.086468 0.991596 0.068212
0.907416 0.978428 0.450192 0.606683 0.468572 0.339496 0.469850 0.924204 0.271019 0.264923 0.243235 0.943973
0.612418 0.855267 0.555324 0.434134 0.020545 0.555010 0.604992 0.986779 0.544550 0.002716 0.160222 0.235872
0.283532 0.741222 0.098189 0.108185 0.657505 0.369649 0.974763 0.644232 0.684259 0.173685 0.814171 0.589235
0.029665 0.161758 0.509414 0.371819 0.197389 0.524304 0.669652 0.840213 0.545569 0.694548 0.001847 0.172144
0.818006 0.262829 0.882171 0.450168 0.609568 0.065233 0.241127 0.131167 0.812487 0.673684 0.591384 0.497979
0.656985 0.638972 0.100932 0.740388 0.906115 0.830301 0.306764 0.600205 0.743232 0.223418 0.323398 0.944563
0.444303 0.437161 0.047236 0.468905 0.929009 0.864372 0.678163 0.899642 0.212719 0.335688 0.420630 0.614914
0.585297 0.287637 0.479077 0.967077 0.316451 0.019768 0.621596 0.928598 0.705691 0.729538 0.439667 0.912824
0.835452 0.183099 0.850839 0.604097 0.539149 0.516968 0.099948 0.484362 0.022008 0.736292 0.756863 0.705886
0.021390 0.540777 0.663304 0.586605 0.897549 0.236886 0.303819 0.512239 0.606102 0.767993 0.337975 0.574428
0.768679 0.011230 0.012150 0.373730 0.294859 0.104114 0.363326 0.300187 0.884328 0.112720 0.007430 0.911845
0.455298 0.871059 0.749101 0.847380 0.933738 0.907109 0.108203 0.053874 0.317344 0.626882 0.756640 0.994579
0.788129 0.983238 0.749750 0.783696 0.050878 0.423714 0.624300 0.829392 0.660473 0.385227 0.570808 0.824589
0.999924 0.925049 0.549444 0.375676 0.606664 0.629987 0.899500 0.196011 0.980656 0.456103 0.502137 0.331938
0.132287 0.530522 0.006314 0.591116 0.530336 0.150235 0.191723 0.882116 0.284635 0.700268 0.653669 0.904797
0.989442 0.427814 0.406535 0.810652 0.627109 0.858239 0.699587 0.289739 0.665110 0.349026 0.509054 0.559972
0.251125 0.859230 0.709023 0.612262 0.646444 0.877115 0.717572 0.663366 0.985508 0.704610 0.961132 0.765197
0.555759 0.447295 0.087539 0.423291 0.047407 0.797990 0.386560 0.921525 0.464143 0.620411 0.349448 0.257019
0.445348 0.423879 0.393859 0.439920 0.542346 0.963323 0.300095 0.206674 0.615751 0.563802 0.934170 0.367019
0.377730 0.463085 0.428852 0.650990 0.737339 0.604454 0.971527 0.783811 0.445286 0.441715 0.336889 0.471815
0.145711 0.198290 0.323078 0.546427 0.436621 0.546812 0.063666 0.498216 0.047977 0.579874 0.948973 0.127072
0.516271 0.404245 0.439517 0.657383 0.815125 0.931908 0.605028 0.550260 0.479030 0.808006 0.642271 0.326828
0.007089 0.447671 0.745344 0.745047 0.506010 0.998364 0.505681 0.822326 0.628697 0.388196 0.393087 0.731006
0.743619 0.934947 0.314945 0.153380 0.960610 0.194798 0.895126 0.437327 0.098170 0.640805 0.822278 0.919081
0.377434 0.723855 0.899193 0.693438 0.281268 0.010640 0.080273 0.625230 0.133441 0.424563 0.247492 0.531249
0.224832 0.803486 0.761050 0.679010 0.318891 0.218431 0.044495 0.841616 0.578781 0.774195 0.928456 0.026158
0.956462 0.020885 0.416060 0.536635 0.650432 0.840123 0.631584 0.325502 0.389070 0.014705 0.615926 0.685777
0.660634 0.554203 0.300348 0.145442 0.806135 0.492116 0.951264 0.818288 0.257044 0.493809 0.066964 0.210255
0.145423 0.849755 0.701354 0.624265 0.824631 0.383642 0.723649 0.145958 0.821465 0.383106 0.032728 0.853701
0.637306 0.585191 0.068535 0.459895 0.435846 0.208063 0.367452 0.861860 0.826447 0.927714 0.437824 0.529736
0.215187 0.171647 0.159886 0.392018 0.567349 0.611545 0.897431 0.764737 0.655040 0.812287 0.945089 0.245544
0.741766 0.563187 0.019022 0.330796 0.361967 0.279925 0.781082 0.965137 0.742445 0.222950 0.486253 0.340133
0.623231 0.368147 0.455927 0.162140 0.818751 0.173440 0.430195 0.689258 0.330356 0.472608 0.356465 0.145184
0.218211 0.359920 0.622322 0.767290 0.905062 0.959253 0.837339 0.027323 0.505027 0.119157 0.528768 0.227289
0.645585 0.657455 0.080549 0.899534 0.107034 0.282915 0.746317 0.544057 0.412464 0.670081 0.378622 0.604423
0.349428 0.969571 0.038646 0.218346 0.261380 0.716835 0.049090 0.310665 0.627259 0.887501 0.201040 0.167960
0.623978 0.636588 0.346909 0.566417 0.123524 0.407603 0.178546 0.424826 0.575335 0.630808 0.495373 0.323832
0.943464 0.803572 0.602363 0.404999 0.902961 0.353617 0.487917 0.667673 0.587455 0.846061 0.813208 0.514799
0.532081 0.574205 0.945582 0.203006 0.432884 0.466488 0.927527 0.389296 0.401735 0.275786 0.819084 0.101711
0.631085 0.778678 0.284876 0.747850 0.437775 0.777163 0.353383 0.298012 0.024845 0.718071 0.713920 0.559311
0.150841 0.313927 0.347339 0.850640 0.018649 0.297744 0.504518 0.492331 0.032419 0.321902 0.298648 0.475864
0.254249 0.423795 0.625003 0.101915 0.258249 0.929232 0.138018 0.035321 0.630727 0.759383 0.969829 0.947624
0.561980 0.499379 0.381125 0.819645 0.616033 0.653982 0.807553 0.386811 0.057340 0.176977 0.480300 0.371411
0.139982 0.373138 0.377362 0.066479 0.432677 0.899015 0.622258 0.422820 0.375088 0.370028 0.994478 0.640910
0.334126 0.004347 0.003083 0.456759 0.116970 0.690394 0.026023 0.044461 0.853360 0.332685 0.715044 0.500995
0.855692 0.384457 0.307426 0.564703 0.705657 0.368066 0.708888 0.574706 0.571472 0.462555 0.712693 0.726058
0.370458 0.405480 0.105642 0.873197 0.065196 0.605117 0.913079 0.959488 0.082193 0.021766 0.065345 0.369643
0.680628 0.404323 0.815739 0.447751 0.354537 0.075108 0.384573 0.711984 0.215121 0.979263 0.625748 0.544468
0.711415 0.821635 0.396635 0.180410 0.984267 0.159272 0.543494 0.700693 0.347679 0.038843 0.415167 0.001209
0.435488 0.600420 0.311331 0.188622 0.592993 0.751864 0.589947 0.890543 0.936387 0.121629 0.594730 0.148333
0.810760 0.221112 0.999969 0.456903 0.385419 0.028322 0.163414 0.628612 0.297814 0.412894 0.143708 0.525492
0.928727 0.628389 0.373925 0.412866 0.357573 0.521605 0.583660 0.539978 0.674149 0.922343 0.652518 0.228984
0.487659 0.725315 0.336644 0.305573 0.554371 0.159107 0.616165 0.381489 0.230546 0.360253 0.959151 0.591993
0.824597 0.105124 0.267442 0.719818 0.712310 0.149764 0.567550 0.291821 0.513524 0.458883 0.550030 0.021232
0.560626 0.624137 0.917880 0.157852 0.646108 0.512677 0.129097 0.896583 0.240008 0.203495 0.494110 0.662069
0.504984 0.239463 0.943041 0.735981 0.192433 0.588646 0.402281 0.488648 0.554963 0.991649 0.851718 0.387761
0.601040 0.343776 0.059235 0.515706 0.679352 0.570353 0.059360 0.510756 0.324100 0.522030 0.007119 0.747717
0.560457 0.544969 0.922215 0.397376 0.808087 0.711039 0.237742 0.972095 0.601366 0.640185 0.740012 0.749586
0.526474 0.705466 0.981453 0.975558 0.941403 0.751239 0.934877 0.570806 0.086356 0.183275 0.143801 0.911137
0.650845 0.519764 0.588129 0.180154 0.409001 0.060380 0.422155 0.753062 0.298513 0.133181 0.138916 0.573708
0.134270 0.385413 0.821827 0.781488 0.629799 0.058345 0.388250 0.731047 0.620710 0.225655 0.394690 0.322786
0.697460 0.036910 0.076952 0.195150 0.217562 0.905340 0.680572 0.558324 0.320293 0.129069 0.758816 0.425373
0.723713 0.124520 0.887800 0.466572 0.660928 0.808200 0.893277 0.523399 0.977887 0.470010 0.396998 0.712740
0.525825 0.896922 0.587543 0.442189 0.311948 0.852941 0.174327 0.661576 0.799850 0.424133 0.147803 0.019904
0.824144 0.813953 0.240762 0.274038 0.275752 0.817843 0.662318 0.577394 0.863789 0.597237 0.442437 0.164113
0.190198 0.154073 0.148173 0.521832 0.923685 0.805182 0.346384 0.127407 0.273070 0.372657 0.821777 0.535724
0.319442 0.789065 0.226571 0.029101 0.537873 0.181138 0.105640 0.899688 0.230148 0.579768 0.520080 0.821511
0.498419 0.385071 0.835774 0.063318 0.367366 0.644679 0.478844 0.672715 0.605343 0.134231 0.038416 0.810518
0.054616 0.172075 0.673660 0.828982 0.423708 0.054344 0.136777 0.034786 0.784164 0.985117 0.548938 0.041168
0.461323 0.304115 0.387310 0.361614 0.291415 0.102666 0.682175 0.435121 0.935999 0.248487 0.243905 0.940935
0.563577 0.393847 0.280135 0.197224 0.287222 0.638261 0.401663 0.355256 0.175088 0.217612 0.740584 0.243656
0.058488 0.443238 0.169015 0.616105 0.388371 0.577032 0.435829 0.967982 0.595714 0.927105 0.850127 0.803156
0.209155 0.035752 0.436122 0.817557 0.155159 0.447827 0.987805 0.188472 0.826628 0.642175 0.836708 0.482068
0.178169 0.900721 0.305611 0.926175 0.846102 0.059436 0.623333 0.162324 0.295115 0.418672 0.461026 0.604369
0.798720 0.319649 0.742050 0.718323 0.118492 0.776623 0.831067 0.572613 0.212813 0.246569 0.932171 0.665151
0.840347 0.374032 0.147427 0.839024 0.089829 0.953483 0.375419 0.366861 0.794596 0.343543 0.804192 0.277297
0.116143 0.406259 0.691598 0.127155 0.707194 0.019567 0.431267 0.533797 0.297474 0.797487 0.389545 0.273720
0.160821 0.257166 0.310718 0.612339 0.463448 0.924261 0.765836 0.403591 0.808716 0.494483 0.927950 0.590999
0.088450 0.266427 0.900582 0.807652 0.709095 0.899746 0.518595 0.941074 0.790104 0.571575 0.082168 0.628102
0.297255 0.821298 0.985736 0.219843 0.523022 0.397772 0.238331 0.080511 0.475363 0.330273 0.018366 0.135567
0.110695 0.472010 0.447093 0.749215 0.843549 0.589664 0.587932 0.955889 0.013507 0.961967 0.666624 0.349602
0.912161 0.501971 0.642221 0.717070 0.669777 0.887273 0.761690 0.172359 0.524311 0.676968 0.664273 0.833008
0.058983 0.249688 0.377575 0.859678 0.763886 0.899518 0.110310 0.465068 0.007903 0.915963 0.825212 0.610341
0.393460 0.681713 0.508956 0.435598 0.193743 0.381729 0.913071 0.904474 0.598474 0.344315 0.285762 0.857439
0.892555 0.751730 0.211136 0.829666 0.254999 0.937703 0.709628 0.811781 0.725440 0.077107 0.433010 0.881827
0.354111 0.390130 0.724207 0.429396 0.487518 0.199521 0.476299 0.112517 0.590430 0.748964 0.036846 0.151692
0.366650 0.712883 0.552126 0.145882 0.707172 0.677797 0.505121 0.965709 0.354857 0.510988 0.235712 0.865650
0.316596 0.313522 0.902913 0.161564 0.886907 0.771235 0.165730 0.083340 0.264411 0.553211 0.013346 0.111960
0.534191 0.313651 0.337918 0.193412 0.790376 0.128433 0.576393 0.057964 0.828451 0.188849 0.913562 0.848685
0.070248 0.076056 0.430564 0.290878 0.454789 0.233206 0.854223 0.101056 0.492849 0.774086 0.983426 0.670405
0.458413 0.430660 0.124102 0.356011 0.199945 0.985884 0.611424 0.317564 0.950769 0.217648 0.948844 0.481033
0.281423 0.458761 0.724212 0.563584 0.291798 0.229075 0.828589 0.868875 0.425864 0.509350 0.309300 0.616823
0.989900 0.296746 0.232220 0.086965 0.332654 0.711029 0.642231 0.011040 0.159837 0.591812 0.993861 0.220574
0.922125 0.309210 0.063685 0.360171 0.334120 0.001936 0.684169 0.985284 0.722019 0.589955 0.290340 0.659521
0.584553 0.312615 0.991561 0.287118 0.754455 0.299366 0.548221 0.830495 0.826853 0.789135 0.678382 0.433116
0.008078 0.393026 0.825862 0.355139 0.054209 0.828460 0.802128 0.276030 0.610944 0.493418 0.448302 0.865471
0.818125 0.097900 0.706259 0.307437 0.036794 0.966409 0.053838 0.871600 0.402399 0.596925 0.311449 0.914547
0.746538 0.870579 0.893045 0.266467 0.277686 0.354617 0.820039 0.678364 0.532521 0.345722 0.632126 0.739099
0.460274 0.820483 0.006806 0.244137 0.235976 0.914355 0.150977 0.190649 0.948470 0.167514 0.065348 0.307791
0.679247 0.061541 0.630106 0.862910 0.445234 0.606006 0.488638 0.094059 0.142467 0.538408 0.681404 0.575285
0.529893 0.855053 0.347989 0.534422 0.101115 0.659757 0.341634 0.170971 0.792647 0.407011 0.751057 0.989262
0.216298 0.865019 0.136133 0.480833 0.449905 0.848954 0.449993 0.263534 0.334061 0.138197 0.137972 0.987370
0.548106 0.520005 0.588541 0.019194 0.224197 0.275236 0.204970 0.092909 0.705717 0.729913 0.436763 0.194926
0.680476 0.752096 0.139060 0.995593 0.734801 0.641355 0.559044 0.317341 0.697420 0.201914 0.369127 0.720696
0.489660 0.488441 0.860863 0.697088 0.547690 0.953429 0.860615 0.895968 0.459057 0.529848 0.943657 0.704692
0.823501 0.768205 0.648485 0.124129 0.670721 0.694828 0.924909 0.930422 0.273146 0.550203 0.594066 0.535477
0.332206 0.182826 0.130304 0.140555 0.427104 0.350492 0.161612 0.436355 0.499657 0.663288 0.018310 0.780680
0.885683 0.980506 0.185149 0.353161 0.190504 0.700948 0.386572 0.491831 0.626556 0.454187 0.521629 0.754163
0.785396 0.750212 0.102980 0.270758 0.499356 0.814743 0.479258 0.116725 0.249412 0.694645 0.963347 0.343807
0.591050 0.571798 0.840854 0.172657 0.264817 0.720134 0.748607 0.495097 0.386350 0.280186 0.965895 0.210370
0.118566 0.113139 0.671601 0.397750 0.649773 0.068998 0.697153 0.481689 0.078939 0.752570 0.907506 0.841887
0.431031 0.126151 0.721212 0.103531 0.799184 0.382664 0.487326 0.529766 0.030636 0.760909 0.812662 0.018371
0.209045 0.216052 0.511287 0.866399 0.050511 0.089578 0.641505 0.128030 0.974244 0.073192 0.985627 0.089225
0.135901 0.368146 0.402063 0.848667 0.658472 0.891460 0.464752 0.727488 0.069419 0.759085 0.340529 0.961092
0.907372 0.518884 0.052012 0.777500 0.023202 0.771921 0.077735 0.263246 0.766386 0.547924 0.230325 0.251394
