0.709527 0.063197 0.267911 0.076462 0.099810 0.686795 0.466933 0.782576 0.997776 0.496704 0.939736 0.675878
0.797648 0.525918 0.951395 0.499028 0.625602 0.072774 0.432806 0.583224 0.301453 0.042241 0.117843 0.940644
0.254915 0.470987 0.723170 0.352217 0.154678 0.861325 0.056242 0.530744 0.728066 0.039211 0.763847 0.079450
0.312827 0.372469 0.612660 0.076068 0.431271 0.849388 0.668175 0.172331 0.688451 0.965671 0.928842 0.237906
0.773414 0.911005 0.619970 0.440665 0.721945 0.870048 0.175107 0.012665 0.069185 0.762794 0.626810 0.734471
0.196144 0.641265 0.140492 0.144695 0.341417 0.915303 0.398208 0.111337 0.741765 0.320419 0.140237 0.502447
0.256659 0.046696 0.280457 0.344350 0.500882 0.414776 0.771506 0.633576 0.331232 0.370783 0.069653 0.329879
0.309183 0.829428 0.201607 0.438777 0.236329 0.155897 0.639122 0.747071 0.788385 0.563286 0.374789 0.461788
0.137034 0.502588 0.164251 0.701735 0.401192 0.379213 0.719194 0.454354 0.741862 0.552802 0.528975 0.609659
0.155563 0.658623 0.385308 0.690064 0.346775 0.955353 0.778579 0.351225 0.412946 0.058071 0.120961 0.288555
0.090899 0.305994 0.933892 0.796637 0.783741 0.770360 0.703240 0.715823 0.661939 0.488570 0.572933 0.871516
0.186333 0.269288 0.607930 0.800129 0.129977 0.759485 0.586837 0.391318 0.236616 0.708431 0.357813 0.366471
0.009382 0.194204 0.113392 0.522712 0.422557 0.668936 0.051209 0.533712 0.437109 0.906217 0.184885 0.145040
0.179634 0.258208 0.553488 0.858028 0.294435 0.138653 0.443467 0.272140 0.453290 0.935168 0.888460 0.575684
0.324602 0.198205 0.436054 0.807242 0.480304 0.103240 0.233857 0.300170 0.571182 0.009993 0.647945 0.643744
0.215562 0.382893 0.954370 0.147531 0.839060 0.007307 0.040019 0.024692 0.211769 0.669760 0.737984 0.169730
0.173080 0.332704 0.443695 0.752760 0.651831 0.177306 0.142577 0.121401 0.831747 0.078726 0.225118 0.654529
0.341694 0.804333 0.589478 0.450494 0.183149 0.836001 0.749296 0.711143 0.356593 0.771203 0.165382 0.298553
0.970073 0.063532 0.576814 0.283494 0.126017 0.269599 0.044434 0.836918 0.634608 0.681522 0.875960 0.285849
0.781687 0.992057 0.443931 0.575125 0.739606 0.093179 0.602133 0.254191 0.384026 0.969600 0.913840 0.100814
0.022075 0.799336 0.016745 0.138025 0.979512 0.762563 0.356544 0.382271 0.016385 0.092048 0.401839 0.123856
0.478815 0.690526 0.827269 0.162828 0.701364 0.906961 0.520503 0.964500 0.250120 0.104622 0.104070 0.960897
0.255909 0.594133 0.316812 0.897804 0.862458 0.264556 0.445528 0.606620 0.497752 0.124021 0.674501 0.503315
0.018962 0.883033 0.565076 0.714352 0.244647 0.414373 0.584608 0.442858 0.764993 0.816730 0.216796 0.740962
0.624404 0.062324 0.762021 0.524270 0.070250 0.551914 0.464835 0.914368 0.410769 0.758984 0.818849 0.009973
0.491204 0.225016 0.324374 0.145903 0.659896 0.241276 0.524263 0.238000 0.337489 0.069318 0.648440 0.158108
0.849419 0.841579 0.127932 0.870422 0.251993 0.947191 0.999628 0.216353 0.951603 0.362391 0.858392 0.971463
0.571726 0.524765 0.945571 0.262128 0.652754 0.550227 0.775520 0.184917 0.848713 0.884275 0.041118 0.170391
0.828221 0.918668 0.777556 0.678920 0.609973 0.831305 0.044535 0.904054 0.168731 0.423935 0.274217 0.163871
0.494668 0.538184 0.832606 0.864238 0.523904 0.453113 0.581613 0.841217 0.308787 0.747775 0.702403 0.217135
0.242164 0.640241 0.500293 0.823496 0.639385 0.743284 0.480777 0.240359 0.840620 0.162159 0.533133 0.264628
0.635627 0.041127 0.561528 0.105842 0.146109 0.358098 0.101246 0.931658 0.457517 0.129451 0.512138 0.183853
0.442030 0.123379 0.859329 0.048200 0.284804 0.579764 0.696470 0.136677 0.723478 0.377617 0.400388 0.187139
0.924474 0.705063 0.280601 0.426163 0.906435 0.860602 0.036836 0.969658 0.094129 0.171167 0.562725 0.035356
0.296811 0.816602 0.291044 0.955517 0.387755 0.773107 0.876900 0.343493 0.054597 0.466176 0.415831 0.148700
0.382071 0.576526 0.589627 0.408851 0.424689 0.437570 0.557519 0.102817 0.434576 0.513020 0.544625 0.196963
0.955043 0.876436 0.273728 0.634319 0.458737 0.960367 0.692943 0.724097 0.103684 0.874117 0.885321 0.910236
0.584448 0.335451 0.526520 0.292008 0.167892 0.296408 0.922880 0.570127 0.610836 0.475700 0.296325 0.480608
0.115999 0.411388 0.731413 0.354824 0.942319 0.852167 0.951365 0.785959 0.563271 0.236743 0.918103 0.554954
0.912093 0.021501 0.484084 0.810188 0.358004 0.504588 0.129859 0.440856 0.010705 0.059128 0.741405 0.637816
0.091328 0.079592 0.944189 0.363871 0.112526 0.808727 0.944969 0.350851 0.480526 0.094831 0.738714 0.001866
0.834327 0.014492 0.617812 0.508211 0.768718 0.817742 0.395829 0.454543 0.538284 0.229550 0.227570 0.937470
0.718784 0.797907 0.069051 0.519461 0.764745 0.869959 0.536791 0.929793 0.001584 0.452199 0.490470 0.628488
0.213070 0.676692 0.198178 0.765360 0.857577 0.341203 0.442628 0.072150 0.785981 0.387906 0.899945 0.456583
0.729788 0.950399 0.442219 0.016040 0.768396 0.553088 0.429446 0.035503 0.836156 0.897411 0.896320 0.499729
0.569004 0.742161 0.047478 0.322697 0.258267 0.706071 0.356956 0.044427 0.278934 0.990972 0.347918 0.979444
0.791051 0.892355 0.171704 0.009044 0.000020 0.321736 0.156183 0.045214 0.299504 0.534167 0.531698 0.542226
0.251427 0.626114 0.647077 0.671271 0.313519 0.620854 0.537334 0.023037 0.014358 0.509603 0.493462 0.960355
0.935745 0.203355 0.557363 0.075630 0.112535 0.077914 0.065017 0.058333 0.962063 0.716903 0.450015 0.042586
0.151075 0.227936 0.722153 0.844493 0.237608 0.057722 0.685407 0.129529 0.518096 0.831862 0.689790 0.181436
0.593977 0.169531 0.547819 0.620104 0.699176 0.683854 0.900865 0.666630 0.492990 0.563437 0.413238 0.039925
0.385160 0.521016 0.480043 0.183340 0.828662 0.215646 0.259509 0.107308 0.635440 0.194949 0.655584 0.262304
0.884557 0.023884 0.453771 0.077414 0.960382 0.185030 0.136344 0.283825 0.004314 0.257134 0.107736 0.940629
0.334516 0.217950 0.686859 0.570683 0.274009 0.462092 0.927644 0.992149 0.047505 0.135343 0.789430 0.279811
0.714910 0.204655 0.739463 0.917137 0.573758 0.471113 0.398007 0.912399 0.264608 0.483616 0.679160 0.117390
0.236885 0.645923 0.204139 0.368724 0.652328 0.612051 0.330546 0.579741 0.705631 0.452014 0.493936 0.145930
0.860364 0.035926 0.556143 0.673360 0.109439 0.617659 0.941886 0.867187 0.872152 0.781420 0.320860 0.556857
0.876433 0.054745 0.109397 0.804285 0.716360 0.323039 0.195996 0.703347 0.770086 0.941153 0.243509 0.644286
0.164459 0.418961 0.253256 0.855125 0.012084 0.234008 0.439574 0.165581 0.018011 0.842144 0.273071 0.219656
0.495563 0.158016 0.992492 0.632326 0.287020 0.783717 0.549344 0.435162 0.246101 0.408130 0.348075 0.987107
0.724690 0.080223 0.332709 0.951559 0.061431 0.713614 0.720992 0.113700 0.076603 0.087718 0.033514 0.576851
0.681397 0.946762 0.488610 0.447807 0.351718 0.344760 0.462694 0.470344 0.657198 0.095320 0.524521 0.922678
0.102919 0.679494 0.852386 0.180276 0.018524 0.430514 0.410564 0.163594 0.619183 0.260255 0.019664 0.284258
0.432441 0.342070 0.635614 0.552670 0.355307 0.717795 0.364891 0.586279 0.314032 0.070641 0.592606 0.363681
0.907460 0.500265 0.893433 0.892620 0.885232 0.318781 0.217942 0.251448 0.633739 0.649715 0.302791 0.448461
0.228631 0.448964 0.159287 0.374865 0.388897 0.994903 0.522519 0.174640 0.546454 0.148361 0.698003 0.783286
0.664673 0.664567 0.671809 0.579433 0.728919 0.794406 0.289925 0.119539 0.463712 0.033366 0.313067 0.444545
0.315186 0.289991 0.973981 0.868371 0.808337 0.980841 0.136508 0.094966 0.915146 0.580157 0.937398 0.006729
0.732386 0.167576 0.432959 0.794076 0.561904 0.617828 0.345574 0.491685 0.013154 0.661012 0.130669 0.045646
0.648707 0.249297 0.121238 0.272677 0.922203 0.831660 0.028048 0.411018 0.010093 0.986245 0.163993 0.612653
0.852423 0.075617 0.988379 0.525749 0.464273 0.240679 0.366025 0.784679 0.535394 0.862210 0.945030 0.175393
0.526061 0.584288 0.653149 0.940479 0.668791 0.827786 0.538728 0.394278 0.822981 0.592643 0.091848 0.340042
0.370947 0.826256 0.369030 0.363345 0.260425 0.910055 0.020835 0.582498 0.602926 0.653629 0.519196 0.681289
0.574958 0.424426 0.395718 0.920936 0.322237 0.463130 0.069147 0.157310 0.866931 0.017610 0.991054 0.790642
0.722759 0.889659 0.922204 0.716071 0.246331 0.126670 0.625063 0.380767 0.095422 0.107480 0.856458 0.637550
0.305294 0.767736 0.090840 0.914327 0.069759 0.794076 0.185247 0.731604 0.203370 0.072569 0.174801 0.184600
0.480657 0.057260 0.655593 0.529417 0.840630 0.761638 0.037750 0.421028 0.657960 0.688700 0.388400 0.206446
0.839043 0.803893 0.710630 0.156659 0.369060 0.813627 0.186883 0.578940 0.210325 0.763943 0.477080 0.886396
0.877659 0.057291 0.443106 0.536022 0.647209 0.907074 0.801529 0.973488 0.058397 0.878486 0.821688 0.513979
0.307457 0.671629 0.944812 0.074628 0.651109 0.686797 0.109891 0.029667 0.684382 0.672845 0.892553 0.894700
0.105798 0.959970 0.915221 0.452934 0.431250 0.889038 0.301738 0.315878 0.727038 0.127461 0.175322 0.097794
0.602918 0.811994 0.956456 0.399177 0.709927 0.748385 0.439753 0.195111 0.052911 0.307672 0.350493 0.209827
0.120956 0.842564 0.846541 0.207925 0.971894 0.605843 0.670234 0.284643 0.195859 0.703957 0.327230 0.145614
0.990837 0.355020 0.599495 0.826891 0.485553 0.079816 0.065555 0.048289 0.214409 0.640618 0.907456 0.221644
0.608200 0.416714 0.049197 0.805641 0.394250 0.001260 0.167555 0.141761 0.396595 0.413465 0.610824 0.658165
0.090402 0.479451 0.513198 0.462682 0.877142 0.292954 0.361337 0.962785 0.844138 0.262367 0.644715 0.264933
0.708638 0.148518 0.214071 0.234862 0.141329 0.041962 0.114447 0.892481 0.663787 0.286752 0.527570 0.366220
0.943839 0.078778 0.720624 0.569815 0.179134 0.956749 0.626029 0.603489 0.366066 0.341724 0.426631 0.084967
0.141106 0.934662 0.294580 0.618292 0.043105 0.900332 0.851750 0.776830 0.022148 0.597215 0.478679 0.914050
0.013581 0.437104 0.521847 0.562386 0.447337 0.377368 0.080521 0.256605 0.683751 0.889836 0.619087 0.016186
0.663857 0.846053 0.788053 0.227649 0.653399 0.744491 0.022203 0.826895 0.927161 0.590673 0.625143 0.358459
0.385762 0.842668 0.669455 0.208666 0.097424 0.710149 0.853800 0.082718 0.203080 0.992728 0.097578 0.329480
0.043162 0.771868 0.626921 0.397889 0.032510 0.052136 0.699640 0.788548 0.801095 0.348298 0.880333 0.103689
0.469661 0.159981 0.158395 0.299834 0.792475 0.942298 0.254949 0.043121 0.304527 0.365080 0.738063 0.596970
0.023011 0.572898 0.661614 0.088674 0.892536 0.480573 0.200302 0.387633 0.996862 0.569257 0.879024 0.663393
0.094009 0.121959 0.399115 0.673567 0.890044 0.513723 0.318133 0.640275 0.624704 0.032742 0.285405 0.294596
0.185377 0.765446 0.152490 0.396684 0.381541 0.577098 0.962659 0.014478 0.518570 0.003493 0.851798 0.995999
0.453271 0.585965 0.877189 0.785566 0.661731 0.491969 0.635390 0.269707 0.628809 0.719791 0.452389 0.186311
0.610698 0.314567 0.855652 0.220096 0.790034 0.000685 0.091206 0.945442 0.278991 0.651762 0.211035 0.721449
0.769333 0.605874 0.172222 0.138975 0.183603 0.418717 0.486925 0.629015 0.015255 0.883010 0.945931 0.928835
0.643986 0.427803 0.398773 0.965173 0.721492 0.236413 0.148195 0.727990 0.862603 0.494296 0.639529 0.724741
0.304508 0.697556 0.849122 0.996467 0.931411 0.062185 0.183680 0.685353 0.514068 0.620632 0.413674 0.022912
0.166387 0.527435 0.974400 0.087039 0.882250 0.624635 0.914617 0.281785 0.653687 0.076253 0.803141 0.095705
0.942227 0.443274 0.197537 0.510452 0.154464 0.479503 0.463467 0.170559 0.703017 0.406129 0.557946 0.867378
0.245050 0.514438 0.819804 0.859513 0.894821 0.669764 0.052835 0.767129 0.421669 0.780407 0.316118 0.973948
0.165565 0.843977 0.853845 0.938487 0.367729 0.037448 0.557421 0.481035 0.880471 0.950883 0.534826 0.184964
0.330545 0.132232 0.683897 0.550548 0.058248 0.572548 0.422602 0.783646 0.560414 0.123259 0.256519 0.652837
0.767614 0.753439 0.765957 0.168936 0.596824 0.515388 0.002417 0.510232 0.173784 0.493036 0.386047 0.795004
0.789680 0.350307 0.046588 0.469570 0.332490 0.212995 0.678421 0.029113 0.338600 0.732183 0.461931 0.574020
0.887231 0.999836 0.343537 0.202451 0.586441 0.417209 0.088629 0.133958 0.033472 0.948196 0.665016 0.853122
0.129931 0.464644 0.269149 0.540898 0.109994 0.215271 0.767918 0.328550 0.383594 0.935450 0.613184 0.137359
0.338604 0.697444 0.681098 0.184433 0.583210 0.742847 0.366242 0.387579 0.585005 0.132281 0.727343 0.668169
0.262809 0.964709 0.402404 0.633038 0.796679 0.444320 0.590137 0.901513 0.423604 0.070813 0.517162 0.362793
0.471846 0.740397 0.551601 0.883160 0.559131 0.227607 0.807981 0.705488 0.058243 0.136474 0.342073 0.185403
0.169509 0.601458 0.763397 0.053907 0.304251 0.345696 0.526674 0.290700 0.674354 0.895616 0.546617 0.458955
0.212815 0.019476 0.622419 0.672300 0.518664 0.037216 0.207390 0.953799 0.074906 0.320070 0.901014 0.864955
0.381945 0.049327 0.320161 0.355430 0.545837 0.996814 0.744992 0.398062 0.760342 0.134984 0.197512 0.119315
0.804699 0.734638 0.633866 0.207851 0.056810 0.097759 0.506113 0.755071 0.362285 0.309589 0.809076 0.658554
0.106471 0.846767 0.843225 0.629077 0.237664 0.452577 0.561489 0.810590 0.041983 0.329162 0.864203 0.594933
0.973708 0.269175 0.467213 0.587470 0.961977 0.818407 0.326211 0.280632 0.052883 0.548304 0.451140 0.295037
0.453728 0.306076 0.094233 0.836483 0.864948 0.210859 0.667986 0.773281 0.972514 0.862679 0.799350 0.014506
0.010685 0.515255 0.942948 0.385485 0.485940 0.136009 0.793414 0.517910 0.004222 0.391007 0.768452 0.965104
0.166585 0.033682 0.529301 0.237413 0.995564 0.122339 0.233520 0.778684 0.942173 0.230621 0.587053 0.002990
0.241783 0.057959 0.113609 0.458643 0.666913 0.775234 0.959248 0.357301 0.542368 0.346965 0.324909 0.361422
0.663674 0.985157 0.429071 0.515546 0.238971 0.194416 0.359064 0.420760 0.423430 0.852581 0.136974 0.266431
0.651899 0.896860 0.190732 0.272336 0.915367 0.828964 0.533825 0.747472 0.695199 0.866259 0.873443 0.201501
0.485530 0.398087 0.440755 0.116088 0.704615 0.721671 0.502188 0.956572 0.457735 0.617790 0.238059 0.393313
0.364010 0.621755 0.160354 0.180670 0.331752 0.970009 0.457668 0.140415 0.590414 0.008220 0.445361 0.159850
0.276925 0.012325 0.268421 0.952784 0.666220 0.829364 0.130674 0.126762 0.359225 0.848739 0.620416 0.949359
0.917598 0.980144 0.335904 0.600710 0.528274 0.768648 0.289625 0.275139 0.383379 0.033244 0.769888 0.532953
0.590920 0.800036 0.083080 0.634629 0.086521 0.613807 0.631064 0.288857 0.192877 0.892116 0.762074 0.464962
0.721044 0.567231 0.021127 0.428754 0.985140 0.263520 0.579285 0.644464 0.024334 0.572593 0.267255 0.002730
0.336542 0.280613 0.241509 0.772036 0.695446 0.730430 0.261691 0.876975 0.153236 0.044287 0.618494 0.161824
0.674775 0.599829 0.393666 0.771495 0.677417 0.600093 0.504613 0.706491 0.025998 0.212857 0.589477 0.994730
0.746110 0.010908 0.044064 0.116388 0.406332 0.474588 0.713915 0.987474 0.306910 0.910008 0.248923 0.835837
0.905088 0.355586 0.117668 0.079945 0.055378 0.333679 0.533458 0.121124 0.475726 0.937460 0.519683 0.619813
0.693710 0.364235 0.592642 0.357821 0.652286 0.331604 0.920121 0.331436 0.148152 0.228413 0.621144 0.771254
0.737262 0.704557 0.183689 0.014431 0.129761 0.434556 0.021125 0.302512 0.279836 0.055860 0.357998 0.858176
0.248564 0.116112 0.604210 0.155164 0.136313 0.043343 0.029326 0.037927 0.224482 0.723335 0.837373 0.892872
0.910037 0.983623 0.541955 0.745049 0.434032 0.647965 0.106016 0.780409 0.225405 0.917341 0.078445 0.198931
0.145320 0.768695 0.716390 0.080406 0.407161 0.319046 0.168013 0.184619 0.247125 0.020615 0.227831 0.653246
0.354108 0.589877 0.504381 0.769328 0.623146 0.486423 0.480145 0.875077 0.858731 0.403995 0.651016 0.448751
0.196339 0.685919 0.397769 0.176510 0.894604 0.827088 0.104390 0.353151 0.388820 0.023200 0.697149 0.368975
0.566130 0.586787 0.466991 0.639080 0.655554 0.023820 0.321989 0.096938 0.650906 0.419072 0.344459 0.994468
0.507298 0.224985 0.128006 0.638697 0.530164 0.596926 0.006465 0.397828 0.072153 0.029243 0.584319 0.707568
0.383120 0.104369 0.738063 0.442531 0.201638 0.381542 0.839524 0.738194 0.889958 0.699066 0.747196 0.906239
0.185221 0.146157 0.092231 0.856084 0.212712 0.123056 0.340897 0.842234 0.493668 0.941340 0.604870 0.818964
0.211538 0.795174 0.736390 0.405897 0.964648 0.476179 0.460596 0.707081 0.336219 0.812550 0.284149 0.186339
0.421410 0.801202 0.847130 0.519555 0.672296 0.353873 0.459029 0.003071 0.577571 0.307752 0.418938 0.329851
0.945755 0.296954 0.849680 0.405066 0.842335 0.478184 0.143218 0.383782 0.376392 0.817592 0.958274 0.700228
0.074595 0.696842 0.555160 0.394748 0.375918 0.315940 0.525555 0.507713 0.566988 0.981155 0.253087 0.397213
0.102179 0.213637 0.032284 0.837346 0.463747 0.832208 0.584303 0.212163 0.657908 0.188396 0.032670 0.871175
0.368145 0.829496 0.476733 0.586534 0.304286 0.155555 0.712423 0.754506 0.369992 0.163087 0.845469 0.351801
0.910815 0.562987 0.764740 0.947351 0.994976 0.616830 0.954755 0.289914 0.215573 0.751914 0.597898 0.513866
0.976217 0.261127 0.476263 0.839878 0.911466 0.523921 0.400176 0.096598 0.165948 0.851377 0.334781 0.281505
0.734579 0.173746 0.826190 0.649915 0.404080 0.939002 0.526370 0.074469 0.055681 0.280248 0.706397 0.438837
0.233582 0.394000 0.290708 0.136371 0.515599 0.947757 0.104344 0.810591 0.065912 0.248089 0.626721 0.684965
0.315173 0.197690 0.045313 0.354267 0.351492 0.070034 0.508104 0.329992 0.223927 0.351093 0.320894 0.729845
0.554112 0.254742 0.053593 0.699270 0.363667 0.087986 0.426706 0.794351 0.551741 0.870821 0.169124 0.884732
0.756038 0.697002 0.909962 0.591039 0.880080 0.624567 0.651237 0.563586 0.898301 0.304921 0.497721 0.172403
0.934422 0.567143 0.806417 0.291198 0.939517 0.805651 0.620067 0.981915 0.871664 0.160680 0.280315 0.895860
0.031819 0.317179 0.804664 0.133441 0.651447 0.955207 0.928623 0.539897 0.894271 0.843463 0.784627 0.599189
0.220554 0.224038 0.018545 0.964776 0.659052 0.896163 0.197449 0.367393 0.923116 0.330830 0.761217 0.942214
0.115411 0.227669 0.372650 0.186671 0.551833 0.472450 0.084543 0.513493 0.422201 0.430573 0.123212 0.564297
0.768999 0.490902 0.057186 0.738387 0.461840 0.825853 0.343244 0.602429 0.378898 0.035191 0.004679 0.209553
0.517053 0.718082 0.110111 0.466161 0.246480 0.147979 0.940525 0.912197 0.607197 0.434871 0.478123 0.300358
0.693013 0.376221 0.622813 0.088860 0.013572 0.031612 0.366993 0.254912 0.850294 0.763810 0.634052 0.778338
0.274539 0.509364 0.928451 0.271182 0.800147 0.271783 0.759104 0.780551 0.760215 0.484987 0.819211 0.440071
0.769457 0.335302 0.718637 0.271099 0.399138 0.628344 0.963943 0.071544 0.706859 0.550628 0.198862 0.357594
0.134571 0.390503 0.754706 0.366336 0.600971 0.889804 0.457013 0.518585 0.501724 0.413832 0.772381 0.003318
0.668627 0.290071 0.257529 0.036383 0.062133 0.628339 0.415225 0.761065 0.455332 0.393579 0.085813 0.325935
0.899289 0.405803 0.989255 0.687256 0.833928 0.185470 0.990516 0.170391 0.436594 0.370200 0.819729 0.355848
0.503698 0.194014 0.659496 0.216450 0.717974 0.254748 0.366034 0.612374 0.373737 0.243334 0.603833 0.561110
0.344789 0.896235 0.174055 0.018415 0.321298 0.336207 0.063610 0.439510 0.886056 0.892473 0.378832 0.502995
0.299790 0.343262 0.981118 0.191015 0.973009 0.946053 0.338837 0.658003 0.222510 0.129392 0.080403 0.013879
0.909352 0.410237 0.267880 0.975891 0.205111 0.108640 0.292687 0.132745 0.964143 0.716749 0.979874 0.726195
0.521629 0.601123 0.883490 0.489278 0.952134 0.024359 0.414442 0.732938 0.712791 0.724248 0.126161 0.224186
0.588444 0.492251 0.014702 0.026723 0.436475 0.241046 0.748085 0.190226 0.036284 0.013508 0.462987 0.563733
0.490332 0.066173 0.647184 0.862867 0.141307 0.080530 0.976124 0.404384 0.991851 0.280286 0.693901 0.603408
0.487543 0.525695 0.866116 0.205588 0.012565 0.845232 0.506329 0.989000 0.339613 0.174515 0.890795 0.990773
0.723658 0.219667 0.218830 0.296020 0.257952 0.304381 0.857562 0.727388 0.104755 0.094175 0.024075 0.542636
0.391002 0.681877 0.934102 0.488210 0.436859 0.562502 0.913105 0.698075 0.141387 0.228126 0.554315 0.873594
0.038251 0.069188 0.289473 0.492307 0.825266 0.131277 0.367208 0.845731 0.488947 0.254334 0.425069 0.723973
0.925035 0.041048 0.966817 0.192600 0.960599 0.972885 0.931330 0.948242 0.389116 0.310720 0.548772 0.382730
0.520920 0.044078 0.965796 0.813721 0.981061 0.694558 0.146707 0.040229 0.379046 0.355666 0.256994 0.537320
0.658779 0.869742 0.749246 0.904340 0.175107 0.633853 0.439363 0.707992 0.842757 0.494759 0.285762 0.965177
0.603375 0.857468 0.805983 0.817233 0.142161 0.930965 0.813150 0.063364 0.929594 0.852815 0.192931 0.931902
0.658780 0.492358 0.721464 0.731854 0.125338 0.802171 0.859996 0.469594 0.864874 0.828828 0.798491 0.517660
0.491762 0.519026 0.332399 0.046499 0.307124 0.401886 0.759503 0.215955 0.468085 0.684255 0.990825 0.746403
0.285624 0.368742 0.452341 0.178221 0.026977 0.340137 0.162274 0.700599 0.623860 0.413112 0.422404 0.512840
0.761961 0.238213 0.248146 0.404899 0.287980 0.979886 0.192521 0.192110 0.520021 0.457513 0.120705 0.934964
0.282350 0.813581 0.208465 0.553945 0.565510 0.325823 0.439909 0.657524 0.872852 0.766306 0.496050 0.978371
0.713404 0.277480 0.222272 0.649385 0.865414 0.900285 0.787655 0.323785 0.102229 0.117053 0.863980 0.479357
0.044214 0.713238 0.849859 0.710067 0.571987 0.979455 0.651752 0.166899 0.277475 0.619974 0.685576 0.188479
0.982360 0.179464 0.232466 0.003724 0.943153 0.495156 0.723202 0.152501 0.083899 0.949529 0.482950 0.371428
0.382243 0.104140 0.068964 0.303569 0.355647 0.382368 0.893333 0.667298 0.028818 0.405503 0.898669 0.867085
0.510868 0.854025 0.398611 0.902417 0.074905 0.887683 0.256022 0.396904 0.877232 0.592812 0.724415 0.945334
0.659897 0.351122 0.390697 0.977226 0.408156 0.559717 0.903272 0.927149 0.286310 0.260521 0.694706 0.071874
0.509815 0.831071 0.428565 0.705766 0.235508 0.768452 0.353242 0.653977 0.521082 0.382442 0.130192 0.283048
0.695974 0.154000 0.345132 0.655749 0.123971 0.666790 0.631671 0.046810 0.622527 0.827637 0.482806 0.901488
0.831425 0.645895 0.553499 0.461852 0.526921 0.025508 0.455409 0.217687 0.281808 0.082196 0.608408 0.845978
0.905638 0.416883 0.441156 0.549749 0.885814 0.205272 0.854399 0.034080 0.005164 0.078442 0.387466 0.880851
0.731778 0.492952 0.202517 0.599740 0.451603 0.953530 0.261155 0.567263 0.809404 0.424753 0.468302 0.368294
0.159956 0.084816 0.718708 0.229434 0.741565 0.686391 0.277397 0.772724 0.029362 0.565076 0.032732 0.606606
0.372591 0.537434 0.290301 0.311339 0.791071 0.248461 0.394021 0.740235 0.725902 0.620662 0.721323 0.939440
0.605984 0.332690 0.430977 0.451947 0.845567 0.456530 0.212704 0.192629 0.817612 0.362173 0.661966 0.719140
0.724332 0.008593 0.239653 0.138764 0.999885 0.298644 0.995564 0.914341 0.320913 0.804808 0.048779 0.454737
0.517175 0.531472 0.697823 0.634132 0.457417 0.708196 0.672359 0.309748 0.050296 0.544791 0.047396 0.471388
0.657002 0.426211 0.112460 0.987134 0.380875 0.343701 0.050410 0.114060 0.107893 0.214928 0.522321 0.468464
0.207518 0.826955 0.486598 0.064164 0.760299 0.237263 0.100926 0.489493 0.366444 0.937053 0.096805 0.413155
0.223935 0.980489 0.501473 0.769066 0.371350 0.385886 0.486132 0.952267 0.742111 0.730012 0.418179 0.987222
0.567820 0.237710 0.232432 0.216821 0.187226 0.865171 0.971038 0.706551 0.583215 0.531662 0.985392 0.020371
0.457465 0.940927 0.114074 0.461387 0.663537 0.844427 0.740884 0.431107 0.884678 0.969369 0.756650 0.681461
0.568043 0.478737 0.699878 0.176053 0.883850 0.588039 0.844490 0.959501 0.789666 0.928364 0.606240 0.102523
0.638755 0.478461 0.073114 0.305459 0.503820 0.879413 0.564000 0.659857 0.485349 0.875648 0.678313 0.812597
0.989050 0.700209 0.880661 0.042740 0.571865 0.379563 0.415627 0.466962 0.656198 0.949833 0.949259 0.809268
0.063969 0.247942 0.469035 0.124201 0.528130 0.950473 0.318519 0.248873 0.755656 0.357578 0.851676 0.705162
0.827016 0.207538 0.011644 0.412103 0.509941 0.283002 0.619262 0.529407 0.824096 0.327729 0.360612 0.503339
0.225144 0.746014 0.978745 0.423765 0.416424 0.616416 0.705645 0.610115 0.907532 0.806668 0.363729 0.602149
0.096419 0.871334 0.739777 0.390815 0.267686 0.041715 0.579519 0.357435 0.672504 0.710239 0.678339 0.951629
0.368501 0.503366 0.286503 0.167526 0.061198 0.996732 0.360268 0.136747 0.671139 0.316129 0.411804 0.220453
0.862445 0.693604 0.742203 0.613864 0.626004 0.888779 0.388492 0.342339 0.886600 0.341490 0.192356 0.137109
0.402144 0.600290 0.494532 0.885892 0.718529 0.521902 0.582405 0.808710 0.670413 0.621753 0.496101 0.039343
0.133274 0.293600 0.105690 0.996261 0.982522 0.475473 0.017709 0.561063 0.884071 0.378378 0.045057 0.198633
0.897818 0.843864 0.518123 0.936230 0.117910 0.165059 0.937883 0.232252 0.662657 0.977517 0.916797 0.998739
0.760465 0.640121 0.118564 0.083629 0.491686 0.328833 0.999736 0.430369 0.331086 0.487794 0.052011 0.212512
0.351317 0.263990 0.038030 0.254494 0.797091 0.767616 0.060792 0.315479 0.994749 0.939408 0.666594 0.503725
0.592268 0.220887 0.702102 0.070090 0.155265 0.984404 0.160774 0.658884 0.330448 0.437677 0.966619 0.371668
0.526170 0.062861 0.817305 0.162813 0.526607 0.390483 0.079778 0.778045 0.442983 0.231780 0.694007 0.256536
0.036986 0.524989 0.470977 0.653233 0.034870 0.725110 0.384554 0.934334 0.747274 0.127172 0.932613 0.916365
0.565045 0.569434 0.705320 0.246506 0.579790 0.535706 0.371583 0.021329 0.134357 0.964106 0.905271 0.699714
0.441132 0.636958 0.407584 0.349856 0.303779 0.646957 0.806834 0.482110 0.982383 0.681917 0.800032 0.281182
0.961491 0.226144 0.169754 0.859736 0.431491 0.572004 0.683738 0.312888 0.729509 0.996856 0.732853 0.762541
0.603175 0.832190 0.843021 0.883881 0.785892 0.474246 0.157638 0.709825 0.278787 0.317230 0.594581 0.244900
0.820486 0.902318 0.500924 0.474527 0.052392 0.767452 0.788896 0.335541 0.677600 0.180420 0.887268 0.704529
0.182024 0.660721 0.188655 0.184965 0.052120 0.225820 0.869823 0.435506 0.612325 0.745296 0.604028 0.880149
0.451245 0.473121 0.325372 0.571771 0.221716 0.030776 0.079720 0.277920 0.728502 0.203755 0.605044 0.502057
0.885385 0.889689 0.207320 0.659784 0.054673 0.796122 0.235043 0.552080 0.652960 0.530503 0.744436 0.755207
0.354199 0.589247 0.074230 0.946088 0.790930 0.916662 0.379877 0.719988 0.533854 0.809445 0.816141 0.363872
0.242541 0.968899 0.514233 0.967423 0.298965 0.715574 0.410284 0.910352 0.960964 0.518807 0.421603 0.262272
0.299325 0.699971 0.156220 0.633361 0.115931 0.305879 0.403293 0.169759 0.738936 0.290501 0.594726 0.108430
0.810698 0.304719 0.543070 0.246592 0.486864 0.952748 0.790914 0.171555 0.619588 0.161584 0.348088 0.175936
0.150008 0.735766 0.873416 0.144477 0.781933 0.267450 0.503529 0.321606 0.563201 0.101199 0.225997 0.605185
0.574112 0.677460 0.794053 0.565843 0.285820 0.336610 0.500365 0.296040 0.355741 0.803283 0.143784 0.928440
0.605087 0.709941 0.503865 0.725079 0.360948 0.281824 0.640448 0.154521 0.548507 0.176048 0.757730 0.576034
0.311825 0.437707 0.560788 0.846891 0.411693 0.805839 0.685271 0.923468 0.757647 0.092371 0.136367 0.954211
0.492158 0.350531 0.412604 0.285963 0.987668 0.208169 0.646506 0.364974 0.463691 0.981216 0.831916 0.176721
0.102201 0.608102 0.259094 0.681919 0.784000 0.506125 0.005196 0.304942 0.060249 0.861823 0.762863 0.883541
0.573828 0.269820 0.939470 0.166681 0.995953 0.695679 0.707296 0.366160 0.848570 0.132146 0.786174 0.529121
0.979872 0.337259 0.982144 0.721741 0.854622 0.426113 0.770539 0.126127 0.967901 0.992628 0.073849 0.447496
0.334615 0.336772 0.750367 0.787043 0.093205 0.190786 0.879898 0.399581 0.742290 0.179487 0.172053 0.649896
0.967469 0.452389 0.807627 0.425756 0.555675 0.089592 0.954898 0.682211 0.377178 0.074134 0.449335 0.836714
0.985407 0.665721 0.039567 0.129507 0.657778 0.826571 0.703298 0.250948 0.456876 0.700288 0.869550 0.759530
0.826899 0.935530 0.022087 0.594498 0.489515 0.335652 0.428510 0.106266 0.187235 0.021918 0.720504 0.365727
0.989728 0.188342 0.659520 0.138992 0.729955 0.951122 0.414991 0.666559 0.346587 0.049802 0.916253 0.053443
0.876687 0.952106 0.874933 0.791345 0.393501 0.112568 0.881491 0.806947 0.618111 0.104192 0.495584 0.741605
0.850875 0.828107 0.262163 0.519081 0.821842 0.759778 0.895924 0.102710 0.267258 0.739868 0.008466 0.781973
0.578056 0.078055 0.557403 0.492599 0.235176 0.341917 0.960358 0.781913 0.993459 0.260684 0.735695 0.956009
0.100810 0.824571 0.977139 0.187995 0.922152 0.780505 0.337943 0.445474 0.706519 0.345456 0.957837 0.803803
0.256746 0.556417 0.755695 0.575830 0.976519 0.275532 0.988050 0.282438 0.733670 0.011384 0.993604 0.920669
0.310921 0.827574 0.252565 0.726936 0.696010 0.057496 0.092636 0.178137 0.175979 0.188536 0.981434 0.163289
0.065953 0.461337 0.547539 0.205991 0.982291 0.126128 0.202783 0.289049 0.430637 0.324909 0.763249 0.217412
0.377147 0.052801 0.907841 0.808172 0.052865 0.080731 0.025486 0.870831 0.474119 0.456305 0.094195 0.098797
0.265651 0.269696 0.017068 0.500181 0.690390 0.488666 0.344259 0.942197 0.700691 0.923606 0.386563 0.436190
0.066256 0.124586 0.677216 0.787071 0.989367 0.346191 0.380899 0.171162 0.191254 0.987585 0.001791 0.531684
0.009242 0.230407 0.718616 0.524318 0.795708 0.410404 0.276864 0.818729 0.660774 0.719422 0.669262 0.420839
0.581571 0.106680 0.894141 0.803538 0.442090 0.233965 0.487371 0.312455 0.115231 0.493754 0.049732 0.514594
0.644225 0.919622 0.227155 0.813572 0.824320 0.257818 0.853080 0.150636 0.210951 0.383532 0.213204 0.680027
0.011822 0.668906 0.535354 0.392893 0.692304 0.257017 0.361566 0.411522 0.870885 0.706630 0.445256 0.289930
0.914388 0.091609 0.883684 0.494336 0.881818 0.057486 0.714590 0.512054 0.849113 0.990319 0.132775 0.439319
0.483427 0.195016 0.377425 0.823388 0.594691 0.227403 0.813425 0.687771 0.712707 0.910960 0.250943 0.497771
0.879205 0.308010 0.205400 0.898426 0.024226 0.275915 0.137975 0.858236 0.534891 0.989348 0.668785 0.146067
0.417304 0.261351 0.250486 0.626540 0.697743 0.078241 0.472858 0.275626 0.482149 0.987018 0.020622 0.828840
0.174110 0.167529 0.431742 0.278268 0.064642 0.238328 0.506252 0.779180 0.726342 0.674093 0.733210 0.337263
0.683224 0.938399 0.074610 0.768178 0.984737 0.460035 0.362301 0.845392 0.264997 0.568690 0.704813 0.453897
0.861042 0.739784 0.802753 0.138583 0.227567 0.740445 0.176319 0.464773 0.001145 0.875642 0.967486 0.871474
0.108142 0.720589 0.828983 0.286022 0.764963 0.943501 0.239718 0.112482 0.927492 0.065213 0.165429 0.992431
0.786960 0.250403 0.272955 0.986553 0.014218 0.842166 0.616289 0.321064 0.920780 0.805805 0.072001 0.761066
0.071366 0.677756 0.364106 0.141781 0.574331 0.561947 0.465234 0.272760 0.813258 0.088860 0.455240 0.304102
0.812582 0.341087 0.772651 0.063386 0.685181 0.889274 0.522409 0.694803 0.491448 0.859048 0.420988 0.579692
0.183167 0.785335 0.526473 0.627625 0.456922 0.768199 0.519701 0.319741 0.928394 0.170432 0.641826 0.863127
0.977185 0.474490 0.254112 0.280206 0.679338 0.308157 0.036999 0.303948 0.340972 0.763161 0.163951 0.737780
0.168756 0.308852 0.423384 0.242883 0.947447 0.752815 0.891062 0.278256 0.361950 0.767740 0.361640 0.283012
0.262390 0.744847 0.020067 0.793475 0.880149 0.514668 0.520436 0.049732 0.463150 0.437870 0.008872 0.503647
0.140470 0.980416 0.139616 0.574960 0.526031 0.057762 0.056718 0.574438 0.282609 0.562169 0.257910 0.795860
0.724357 0.111581 0.547008 0.179182 0.430596 0.784949 0.755351 0.639744 0.565196 0.260958 0.023943 0.144638
0.626618 0.780587 0.661279 0.153539 0.293317 0.796400 0.816698 0.907947 0.542995 0.689629 0.114483 0.702594
0.218701 0.543245 0.571783 0.361985 0.359425 0.700520 0.875823 0.732201 0.843168 0.792027 0.762992 0.237035
0.923760 0.918547 0.498604 0.750550 0.470998 0.213509 0.552969 0.228674 0.513257 0.757587 0.021802 0.473612
0.892937 0.832686 0.843741 0.009008 0.927709 0.517253 0.435060 0.180108 0.966540 0.169309 0.763177 0.384630
0.216010 0.876450 0.551228 0.105650 0.536370 0.102909 0.404186 0.364290 0.574033 0.568058 0.867018 0.367427
0.336239 0.430252 0.409337 0.950164 0.838144 0.852972 0.076909 0.018104 0.269488 0.550466 0.685986 0.509333
0.131081 0.347938 0.984802 0.661618 0.641489 0.677630 0.387858 0.522255 0.885896 0.308005 0.993739 0.326524
0.824641 0.642869 0.572058 0.089773 0.625839 0.575815 0.230305 0.842735 0.464362 0.482237 0.085027 0.112691
0.665511 0.168583 0.890191 0.346755 0.215680 0.796008 0.395366 0.513738 0.716496 0.770840 0.816906 0.915242
0.781270 0.539687 0.918862 0.943738 0.074278 0.101850 0.422863 0.490138 0.179724 0.356145 0.108648 0.879955
0.638386 0.794344 0.540426 0.678709 0.883737 0.232265 0.527921 0.145209 0.571503 0.931624 0.152104 0.877453
0.759477 0.124885 0.012302 0.048526 0.223408 0.245056 0.918311 0.786716 0.629739 0.144989 0.884557 0.669658
0.642335 0.132710 0.026743 0.525046 0.238909 0.635446 0.284417 0.820498 0.478017 0.153166 0.271370 0.895769
0.992817 0.410452 0.107104 0.159890 0.618075 0.233178 0.171054 0.266404 0.323206 0.374843 0.818325 0.206953
