0.075491 0.869750 0.055752 0.903053 0.522953 0.423496 0.795929 0.174548 0.484577 0.719748 0.613413 0.809398
0.844824 0.888239 0.094263 0.316505 0.522026 0.877888 0.563534 0.580068 0.295655 0.863433 0.094327 0.248996
0.689236 0.637990 0.373688 0.673744 0.011694 0.509690 0.352513 0.397058 0.895417 0.115462 0.795315 0.283894
0.308835 0.120687 0.238061 0.050933 0.255949 0.200789 0.828336 0.143909 0.258296 0.538324 0.645385 0.226782
0.945461 0.523370 0.945869 0.055976 0.620549 0.948856 0.665634 0.308433 0.831048 0.541145 0.341240 0.037139
0.028050 0.379451 0.258882 0.995110 0.561655 0.872116 0.813770 0.182206 0.964772 0.378122 0.660202 0.531323
0.641838 0.696549 0.177999 0.259107 0.783368 0.926394 0.829206 0.192594 0.610919 0.709486 0.018925 0.767627
0.885563 0.477128 0.981327 0.791953 0.010092 0.392883 0.158222 0.644417 0.124201 0.039872 0.268447 0.701497
0.542651 0.203348 0.638942 0.361505 0.350376 0.615904 0.251092 0.653158 0.798793 0.241473 0.261848 0.980786
0.822814 0.434030 0.004041 0.924113 0.073387 0.053574 0.872156 0.821871 0.086751 0.619509 0.791509 0.690054
0.672520 0.665546 0.407090 0.872475 0.819038 0.590128 0.394008 0.927503 0.810052 0.023964 0.858625 0.974382
0.222189 0.643511 0.400153 0.744252 0.250083 0.337740 0.160608 0.438549 0.381152 0.994064 0.361140 0.611088
0.490191 0.517717 0.898239 0.543325 0.225108 0.651068 0.264691 0.668325 0.457823 0.253910 0.779821 0.531700
0.672058 0.603997 0.722489 0.162244 0.666993 0.314035 0.187355 0.859740 0.775481 0.863937 0.846015 0.319404
0.317656 0.851491 0.665285 0.991742 0.750561 0.002470 0.391179 0.865504 0.468846 0.954482 0.360666 0.549310
0.177784 0.350155 0.822352 0.793990 0.941714 0.443989 0.161271 0.175270 0.797224 0.436563 0.536637 0.452464
0.370769 0.868147 0.549489 0.235280 0.584904 0.391738 0.259336 0.901803 0.245550 0.248487 0.708061 0.692833
0.871956 0.893362 0.988110 0.918314 0.424556 0.078065 0.841960 0.714736 0.519706 0.630459 0.201410 0.517395
0.394728 0.756984 0.472206 0.583482 0.586673 0.518348 0.313777 0.465516 0.609349 0.650460 0.046774 0.366780
0.248870 0.036572 0.637492 0.071286 0.247148 0.364718 0.579498 0.158458 0.872132 0.102705 0.323873 0.590656
0.245206 0.704006 0.811327 0.192479 0.795398 0.248521 0.740910 0.733698 0.086344 0.391709 0.732804 0.557689
0.818844 0.726619 0.253830 0.802687 0.181298 0.560863 0.549790 0.229944 0.106197 0.349986 0.573578 0.039977
0.488609 0.341862 0.749180 0.169362 0.645624 0.979859 0.469371 0.092365 0.944278 0.501196 0.290081 0.200748
0.326370 0.041082 0.142801 0.404877 0.443164 0.600079 0.982467 0.204780 0.222507 0.402314 0.556868 0.198988
0.191892 0.020544 0.206936 0.313319 0.850391 0.714264 0.247499 0.116896 0.823325 0.843195 0.189926 0.667957
0.222845 0.479834 0.214935 0.789242 0.532473 0.944922 0.745536 0.534581 0.236398 0.067269 0.796466 0.564952
0.793711 0.451887 0.645970 0.679667 0.594930 0.393028 0.390567 0.599337 0.691320 0.400474 0.176714 0.160235
0.958245 0.000625 0.871510 0.529575 0.611021 0.736486 0.742807 0.232634 0.395311 0.618884 0.388490 0.988465
0.237903 0.041975 0.690389 0.968225 0.507792 0.858612 0.250656 0.705838 0.759990 0.400636 0.511912 0.304255
0.477195 0.273322 0.080359 0.361718 0.335829 0.830458 0.908782 0.679895 0.122511 0.040718 0.986352 0.934347
0.002383 0.576760 0.140393 0.694886 0.442124 0.761393 0.323569 0.255707 0.364889 0.974425 0.701399 0.122371
0.167106 0.726244 0.683829 0.125189 0.639861 0.607269 0.904696 0.170697 0.096798 0.527830 0.297705 0.657927
0.757243 0.328271 0.588447 0.935107 0.387822 0.444567 0.243258 0.782745 0.085051 0.703622 0.177621 0.852907
0.079435 0.984632 0.294495 0.568087 0.379782 0.660142 0.301543 0.120294 0.249622 0.619838 0.602436 0.257130
0.388777 0.645964 0.300375 0.222553 0.235726 0.652748 0.982959 0.419568 0.538111 0.522322 0.398923 0.445568
0.365665 0.289427 0.528747 0.647410 0.772933 0.366296 0.945580 0.004565 0.432779 0.152948 0.065927 0.808233
0.545573 0.584879 0.774356 0.651960 0.413118 0.097440 0.583874 0.925880 0.125364 0.127244 0.801671 0.720491
0.743815 0.089928 0.373378 0.847426 0.784923 0.957062 0.615705 0.059376 0.687348 0.373758 0.406199 0.010112
0.348956 0.909564 0.919369 0.891160 0.115598 0.177252 0.027953 0.056222 0.955889 0.406763 0.838297 0.363541
0.548783 0.051617 0.256741 0.384708 0.734865 0.345646 0.541370 0.407707 0.650123 0.134332 0.751915 0.478480
0.125958 0.850947 0.369177 0.526095 0.305818 0.658104 0.645536 0.367094 0.858814 0.548297 0.676906 0.987451
0.283547 0.520835 0.170062 0.344326 0.811404 0.153132 0.513493 0.732786 0.704707 0.769925 0.542613 0.076083
0.023586 0.799689 0.513333 0.428452 0.500301 0.188748 0.467081 0.397330 0.008567 0.405670 0.294019 0.016584
0.638787 0.711409 0.290479 0.129827 0.295717 0.552767 0.275104 0.623829 0.572287 0.418551 0.667046 0.542835
0.796795 0.861452 0.572440 0.564269 0.556765 0.967894 0.513321 0.538392 0.262980 0.914659 0.039096 0.310789
0.042342 0.200052 0.424613 0.299411 0.874260 0.700872 0.011861 0.925863 0.647098 0.920125 0.192909 0.492707
0.994499 0.540192 0.706885 0.516003 0.054951 0.494570 0.130968 0.974671 0.579848 0.736504 0.515444 0.766855
0.487437 0.681807 0.726644 0.212980 0.763308 0.252820 0.313467 0.034122 0.116627 0.159525 0.495050 0.419325
0.393262 0.901682 0.395790 0.921123 0.506485 0.715500 0.758773 0.513449 0.017254 0.293363 0.053481 0.348143
0.986799 0.370813 0.687214 0.826935 0.984358 0.873069 0.231204 0.750764 0.131447 0.714386 0.564559 0.822517
0.036617 0.319888 0.723394 0.395375 0.051648 0.706462 0.717464 0.591420 0.159130 0.150965 0.748047 0.990577
0.224557 0.575189 0.304630 0.055207 0.199574 0.193969 0.634440 0.847441 0.785728 0.022131 0.236612 0.467695
0.335154 0.353159 0.251813 0.340675 0.665547 0.725837 0.178136 0.025141 0.174248 0.035054 0.319262 0.063186
0.202645 0.500782 0.862076 0.473629 0.068422 0.416065 0.566673 0.859432 0.748207 0.485981 0.297300 0.862403
0.343235 0.457455 0.571406 0.157258 0.116898 0.526784 0.857653 0.274456 0.561997 0.027484 0.001942 0.540531
0.451021 0.690552 0.684826 0.466143 0.949059 0.846740 0.558963 0.572220 0.728695 0.991835 0.347198 0.238707
0.503643 0.121200 0.486154 0.655295 0.357479 0.811557 0.982387 0.054612 0.836733 0.261997 0.719473 0.648660
0.641900 0.476387 0.033251 0.469157 0.131769 0.815938 0.391302 0.579688 0.003435 0.672748 0.941567 0.506162
0.163661 0.048184 0.888483 0.129866 0.408350 0.124477 0.035679 0.977530 0.747609 0.573240 0.930532 0.254444
0.795462 0.752959 0.509414 0.386529 0.759583 0.673931 0.905634 0.551621 0.241978 0.136107 0.185538 0.465825
0.347990 0.473034 0.255625 0.327244 0.708876 0.134553 0.571240 0.808908 0.107302 0.399888 0.500500 0.500168
0.130710 0.508528 0.338008 0.581518 0.826019 0.943803 0.197085 0.692716 0.124552 0.448210 0.501701 0.991852
0.806134 0.290627 0.866308 0.308847 0.865876 0.204381 0.442161 0.294365 0.082497 0.480141 0.350590 0.913145
0.369391 0.623733 0.717028 0.829035 0.418362 0.965122 0.202629 0.006008 0.147526 0.676947 0.707297 0.876340
0.960352 0.019841 0.917233 0.276022 0.821160 0.038879 0.314045 0.504151 0.947613 0.202337 0.140987 0.624258
0.532806 0.769744 0.085465 0.876780 0.552711 0.855193 0.531208 0.054259 0.040078 0.122590 0.494774 0.850764
0.152123 0.818368 0.782743 0.762372 0.313891 0.108874 0.444859 0.211266 0.014104 0.095530 0.406719 0.037671
0.814241 0.139131 0.578442 0.342177 0.848282 0.091508 0.142286 0.765264 0.708261 0.783491 0.533307 0.028367
0.107082 0.034259 0.290313 0.648550 0.720124 0.402864 0.987242 0.805832 0.724812 0.602169 0.709075 0.462983
0.449518 0.274304 0.964955 0.593174 0.658832 0.590383 0.258595 0.645127 0.641566 0.935520 0.309546 0.094734
0.643448 0.817250 0.988784 0.673988 0.470489 0.335036 0.440769 0.894801 0.403313 0.539485 0.431652 0.848835
0.789763 0.709661 0.945571 0.418270 0.904816 0.639286 0.636225 0.353356 0.623884 0.421894 0.216425 0.662811
0.610181 0.080211 0.640552 0.387333 0.273128 0.040502 0.081756 0.416728 0.671854 0.681747 0.748075 0.401147
0.557428 0.427117 0.216758 0.076335 0.925300 0.222775 0.527635 0.333555 0.836635 0.293665 0.858940 0.786022
0.255923 0.673541 0.288383 0.500049 0.996384 0.791120 0.279082 0.704145 0.334722 0.380819 0.437063 0.861628
0.387046 0.800394 0.226274 0.583597 0.959882 0.607594 0.544989 0.014160 0.404007 0.710348 0.099245 0.511824
0.120490 0.028362 0.861171 0.664608 0.643007 0.173359 0.728929 0.828688 0.279978 0.412141 0.094192 0.853277
0.382764 0.530841 0.438438 0.184301 0.562197 0.469152 0.061974 0.469492 0.794512 0.465892 0.487296 0.365848
0.769350 0.221787 0.711496 0.529096 0.038016 0.174604 0.818909 0.768314 0.206240 0.095932 0.643028 0.401136
0.113100 0.902158 0.139863 0.857469 0.251961 0.459115 0.815375 0.783848 0.780078 0.972728 0.582478 0.772683
0.472544 0.976141 0.414340 0.497299 0.349732 0.587318 0.316902 0.061623 0.015638 0.315593 0.862337 0.584230
0.610983 0.811616 0.278463 0.347379 0.760557 0.661903 0.579024 0.411728 0.821056 0.079218 0.278544 0.595026
0.727249 0.359908 0.824230 0.929401 0.185240 0.692806 0.555919 0.209516 0.505955 0.663437 0.730189 0.492538
0.920298 0.698250 0.122735 0.995078 0.485750 0.548915 0.057038 0.551822 0.061334 0.940258 0.295843 0.193790
0.172618 0.764179 0.781513 0.536147 0.789444 0.579779 0.735086 0.820214 0.564607 0.485742 0.907424 0.829583
0.095247 0.011114 0.888905 0.319355 0.982072 0.183458 0.351168 0.688572 0.639259 0.638426 0.185670 0.926593
0.610753 0.367213 0.162936 0.808946 0.547522 0.160324 0.894481 0.047047 0.404050 0.138715 0.657304 0.237442
0.641865 0.454805 0.989010 0.026380 0.634965 0.432307 0.800385 0.206682 0.425173 0.830671 0.340993 0.125459
0.979711 0.210185 0.575691 0.020203 0.435903 0.502847 0.330512 0.020083 0.435177 0.919754 0.842980 0.258837
0.952018 0.829447 0.832508 0.114607 0.952969 0.987545 0.011140 0.328717 0.504521 0.279994 0.914612 0.950652
0.221770 0.429604 0.027316 0.195332 0.939347 0.900167 0.314178 0.002391 0.363611 0.195824 0.371116 0.938650
0.678195 0.488944 0.922366 0.868189 0.939055 0.725418 0.880030 0.702432 0.431097 0.702542 0.736127 0.721702
0.770741 0.555319 0.930139 0.117775 0.675117 0.269142 0.396090 0.350923 0.845800 0.637909 0.507653 0.573875
0.128374 0.189769 0.612146 0.696391 0.640861 0.874677 0.564426 0.140738 0.405246 0.054734 0.266710 0.181870
0.473211 0.005263 0.485469 0.724754 0.619990 0.508367 0.168672 0.952361 0.574847 0.829038 0.836610 0.853160
0.069231 0.023589 0.933555 0.284394 0.592624 0.486286 0.809003 0.047244 0.427121 0.532882 0.058356 0.483961
0.288976 0.225130 0.380718 0.973698 0.507101 0.341959 0.370514 0.427781 0.122305 0.734262 0.036328 0.120202
0.084026 0.591115 0.881261 0.276932 0.150193 0.006373 0.163403 0.159316 0.404482 0.102345 0.368573 0.141600
0.790242 0.721389 0.218888 0.278348 0.299493 0.902530 0.245948 0.615342 0.356242 0.160179 0.251073 0.396939
0.771552 0.370215 0.792370 0.182660 0.706804 0.381379 0.400170 0.194910 0.287141 0.683038 0.978976 0.143669
0.993601 0.742431 0.273146 0.590809 0.979165 0.050972 0.460844 0.544652 0.811965 0.566146 0.586657 0.413380
0.725689 0.136113 0.607639 0.062719 0.493851 0.785372 0.921820 0.399238 0.739432 0.614259 0.744914 0.818993
0.096473 0.464451 0.807766 0.614602 0.214083 0.054854 0.683711 0.125358 0.148091 0.780250 0.115194 0.906390
0.978390 0.416936 0.548979 0.728186 0.547398 0.488100 0.009111 0.553529 0.196527 0.592401 0.264276 0.287314
0.862509 0.088007 0.198408 0.674115 0.882695 0.046267 0.552618 0.957317 0.542845 0.824016 0.869962 0.137144
0.865411 0.125723 0.587756 0.925388 0.628608 0.731570 0.971696 0.855472 0.635504 0.353673 0.995695 0.515040
0.901727 0.134610 0.463373 0.563180 0.608518 0.960787 0.476325 0.167819 0.345534 0.823375 0.493191 0.827241
0.321662 0.595899 0.766468 0.990377 0.184217 0.015548 0.632005 0.418761 0.732630 0.872515 0.167490 0.494818
0.903102 0.367075 0.982944 0.511657 0.172909 0.447502 0.546302 0.034446 0.994007 0.461019 0.007007 0.243951
0.851254 0.644489 0.239746 0.026021 0.449981 0.857137 0.617387 0.575282 0.840601 0.473484 0.788942 0.515904
0.504264 0.954599 0.422249 0.012474 0.860781 0.437736 0.936513 0.889939 0.790073 0.507307 0.386005 0.332243
0.932845 0.463009 0.132388 0.078294 0.625485 0.158212 0.308908 0.135970 0.530559 0.951833 0.746268 0.649801
0.948263 0.753962 0.278843 0.793531 0.172233 0.038816 0.591911 0.785753 0.993568 0.396125 0.288137 0.162059
0.505167 0.381277 0.705856 0.906637 0.918203 0.562324 0.211886 0.793890 0.489525 0.980375 0.938003 0.399768
0.913081 0.402443 0.845284 0.794174 0.253264 0.406486 0.001132 0.431613 0.749292 0.089405 0.212583 0.332075
0.558338 0.349597 0.443837 0.570953 0.228601 0.791622 0.249033 0.862549 0.432253 0.528072 0.150966 0.177824
0.209785 0.154049 0.887283 0.733067 0.719516 0.116619 0.420455 0.625281 0.013002 0.797474 0.688459 0.548511
0.171393 0.131803 0.219813 0.323056 0.874348 0.160030 0.770976 0.016279 0.353029 0.893466 0.301462 0.531949
0.308630 0.646576 0.562841 0.780068 0.550285 0.291498 0.316165 0.673445 0.008428 0.362922 0.529990 0.123425
0.869915 0.384843 0.484128 0.729574 0.889135 0.137788 0.588638 0.778096 0.043926 0.395022 0.287846 0.603758
0.361508 0.023917 0.453477 0.791289 0.148088 0.460357 0.603197 0.046152 0.516548 0.769399 0.237921 0.086418
0.100929 0.857256 0.184444 0.961813 0.506666 0.905548 0.264816 0.304731 0.004952 0.012370 0.366394 0.376917
0.902397 0.745016 0.872497 0.144685 0.133403 0.675574 0.692203 0.099726 0.260461 0.945741 0.150260 0.534299
0.604099 0.444679 0.387157 0.451902 0.881693 0.664183 0.968902 0.930429 0.707571 0.485399 0.825705 0.732963
0.891181 0.741091 0.139325 0.638291 0.335427 0.689922 0.545785 0.907621 0.431064 0.873949 0.362716 0.678839
0.378158 0.981242 0.471593 0.110175 0.540801 0.907521 0.053587 0.010865 0.607670 0.872207 0.320989 0.706376
0.892578 0.261665 0.442702 0.547756 0.825564 0.036973 0.209264 0.555824 0.417023 0.060884 0.801944 0.894718
0.899067 0.065445 0.988374 0.582096 0.862175 0.548706 0.645593 0.873281 0.833274 0.787393 0.116173 0.259098
0.025285 0.256251 0.179865 0.999340 0.753008 0.535126 0.163825 0.347235 0.846846 0.111151 0.111945 0.333694
0.596475 0.336789 0.667737 0.252664 0.146372 0.808006 0.398004 0.367241 0.787071 0.624853 0.280822 0.004734
0.973246 0.639907 0.126705 0.896822 0.336565 0.977346 0.980878 0.859844 0.664031 0.203328 0.232759 0.710616
0.411280 0.983581 0.147930 0.905936 0.406552 0.560015 0.728561 0.380579 0.568214 0.317289 0.603469 0.437671
0.463055 0.059898 0.517024 0.597200 0.097509 0.418037 0.666308 0.069515 0.883956 0.535956 0.554227 0.723484
0.563037 0.337692 0.812978 0.931377 0.765363 0.836436 0.191206 0.586622 0.270250 0.687596 0.119136 0.801146
0.502189 0.493267 0.744751 0.201889 0.777060 0.823714 0.969394 0.485022 0.258194 0.012559 0.537456 0.173615
0.429863 0.882993 0.017776 0.559306 0.543295 0.086867 0.050893 0.455532 0.666298 0.412605 0.100973 0.743564
0.623595 0.088225 0.973718 0.538418 0.638853 0.532978 0.508012 0.149783 0.793771 0.376691 0.818236 0.157923
0.739992 0.285129 0.420065 0.692679 0.265076 0.489443 0.174744 0.451931 0.749931 0.975624 0.164784 0.883990
0.806402 0.871898 0.860493 0.149286 0.796572 0.789474 0.259574 0.912810 0.385092 0.488508 0.839972 0.060029
0.074332 0.628171 0.145071 0.192780 0.572302 0.840700 0.421979 0.591453 0.278589 0.199477 0.176751 0.448024
0.408382 0.086479 0.564282 0.309923 0.858510 0.820047 0.571275 0.895466 0.512590 0.031269 0.609058 0.539112
0.969549 0.946911 0.605310 0.458265 0.738015 0.771847 0.785182 0.104883 0.695125 0.528361 0.561355 0.132994
0.440495 0.775775 0.920145 0.700807 0.714865 0.547041 0.577834 0.237224 0.494998 0.055001 0.216469 0.341702
0.127732 0.529124 0.969114 0.959138 0.551653 0.006784 0.699177 0.155551 0.007667 0.787269 0.945994 0.204260
0.834163 0.390997 0.786410 0.244786 0.091470 0.295526 0.760318 0.708631 0.558929 0.333580 0.895803 0.369158
0.442547 0.093893 0.243843 0.992519 0.581731 0.417168 0.171849 0.323934 0.535065 0.238915 0.273880 0.843637
0.933389 0.026915 0.272805 0.551086 0.789822 0.278800 0.803668 0.565902 0.178621 0.653013 0.440274 0.022901
0.453016 0.429657 0.784074 0.290843 0.108641 0.023648 0.364752 0.066153 0.912089 0.017040 0.844845 0.986092
0.872382 0.829532 0.953018 0.299048 0.058902 0.065052 0.592463 0.870924 0.804235 0.508368 0.358099 0.583981
0.351095 0.767388 0.566732 0.656240 0.454220 0.447155 0.665761 0.877731 0.297349 0.613705 0.519800 0.971322
0.391659 0.722478 0.953717 0.216918 0.516448 0.502466 0.756350 0.790594 0.169702 0.885394 0.350628 0.252194
0.070870 0.398707 0.063656 0.068203 0.177174 0.779736 0.229989 0.311993 0.236350 0.536497 0.260568 0.441870
0.620914 0.958290 0.143846 0.938747 0.231335 0.784482 0.454830 0.025408 0.703757 0.791844 0.289075 0.714296
0.810517 0.454511 0.342902 0.523353 0.615340 0.959162 0.676537 0.436871 0.061127 0.643553 0.388824 0.053916
0.635647 0.216931 0.031158 0.687874 0.970358 0.052627 0.139793 0.713256 0.548047 0.733317 0.710849 0.310522
0.412478 0.990305 0.328473 0.597108 0.255180 0.579659 0.547884 0.348718 0.019680 0.185691 0.643313 0.540299
0.727980 0.609846 0.459575 0.191636 0.233508 0.589908 0.837994 0.426700 0.580399 0.404776 0.563902 0.839979
0.188809 0.421422 0.180518 0.373929 0.489892 0.376075 0.619831 0.784065 0.312124 0.390429 0.119980 0.387052
0.926821 0.476293 0.841137 0.650900 0.211138 0.370396 0.082830 0.748276 0.140093 0.107588 0.510107 0.682230
0.971088 0.110106 0.518822 0.172703 0.100423 0.297721 0.309376 0.188077 0.178733 0.514813 0.693518 0.531312
0.359348 0.123050 0.460299 0.966365 0.028954 0.263092 0.998480 0.567535 0.163712 0.872965 0.870609 0.324897
0.463918 0.879524 0.005061 0.030594 0.175499 0.602892 0.630096 0.706747 0.956992 0.057000 0.122793 0.673911
0.041801 0.764116 0.117018 0.301107 0.751655 0.884971 0.664991 0.034328 0.592171 0.738784 0.414486 0.376460
0.180169 0.825675 0.411198 0.456798 0.420855 0.859686 0.785285 0.736168 0.041651 0.053588 0.954262 0.926919
0.670973 0.275254 0.681570 0.444319 0.106070 0.804007 0.195840 0.108105 0.636360 0.325155 0.495595 0.562484
0.191396 0.670304 0.913093 0.851664 0.483535 0.452615 0.914100 0.438460 0.860487 0.757325 0.132355 0.785603
0.056268 0.326284 0.497827 0.253289 0.474244 0.751772 0.745358 0.774870 0.453956 0.974873 0.196927 0.324909
0.890445 0.362286 0.305680 0.652168 0.620010 0.076610 0.384939 0.472025 0.847982 0.526378 0.612113 0.388905
0.221552 0.648582 0.469714 0.983918 0.873711 0.768657 0.748972 0.553012 0.600545 0.437704 0.053336 0.762170
0.898761 0.631624 0.902565 0.231061 0.486013 0.882474 0.893008 0.671713 0.172001 0.190390 0.806985 0.429680
0.749891 0.841385 0.544496 0.428646 0.607921 0.544436 0.157927 0.473198 0.916917 0.275696 0.167703 0.586515
0.519649 0.341877 0.416462 0.473657 0.150734 0.447988 0.097645 0.700330 0.671406 0.012196 0.668189 0.856765
0.585360 0.204932 0.463676 0.010400 0.969434 0.754091 0.104415 0.515017 0.658906 0.049483 0.487455 0.933144
0.956641 0.827751 0.608196 0.014121 0.846412 0.756088 0.008288 0.019955 0.662412 0.757618 0.335302 0.884137
0.606356 0.514551 0.950975 0.573894 0.860062 0.980385 0.572054 0.932998 0.534997 0.859313 0.024656 0.114525
0.189212 0.176431 0.823602 0.047318 0.032363 0.619696 0.795603 0.148609 0.715038 0.813381 0.927925 0.003141
0.953230 0.984396 0.359979 0.366439 0.748148 0.542100 0.363453 0.743579 0.201423 0.032590 0.347485 0.098459
0.421253 0.564553 0.130038 0.300690 0.702007 0.288105 0.617879 0.035210 0.751815 0.462889 0.237102 0.943202
0.305715 0.667396 0.223513 0.195488 0.487724 0.008713 0.697371 0.459189 0.063086 0.826323 0.937600 0.268996
0.457793 0.471992 0.671177 0.974462 0.769842 0.076610 0.066483 0.219942 0.460597 0.624217 0.355380 0.960089
0.868561 0.635062 0.648478 0.892369 0.470669 0.191315 0.572494 0.672987 0.266614 0.784305 0.598198 0.249769
0.096394 0.523909 0.576364 0.384212 0.954322 0.702972 0.076433 0.909703 0.449471 0.989656 0.577932 0.480621
0.750217 0.437358 0.411014 0.005057 0.727606 0.825268 0.454236 0.947288 0.188246 0.322577 0.115659 0.171166
0.606844 0.763003 0.695523 0.525127 0.127183 0.799530 0.778485 0.861094 0.668953 0.368132 0.917494 0.660439
0.014878 0.025382 0.052819 0.773351 0.936947 0.649069 0.265965 0.203742 0.277056 0.923204 0.600728 0.132649
0.382870 0.865078 0.419906 0.749745 0.318693 0.169347 0.081818 0.801897 0.437747 0.034548 0.387915 0.389969
0.208277 0.120558 0.169734 0.863190 0.399701 0.568819 0.037704 0.010833 0.242467 0.093002 0.937908 0.964209
0.023425 0.900431 0.080434 0.792187 0.607296 0.088934 0.495697 0.155677 0.775241 0.536732 0.882486 0.655712
0.380801 0.960866 0.165573 0.459991 0.018146 0.302300 0.394879 0.491415 0.158498 0.554072 0.191168 0.665224
0.762858 0.234195 0.081514 0.069684 0.392782 0.711480 0.047689 0.406074 0.583671 0.460152 0.567651 0.004148
0.714359 0.686863 0.909085 0.679357 0.971032 0.733300 0.531753 0.366690 0.747812 0.696163 0.862608 0.438236
0.469022 0.686860 0.110593 0.706971 0.513757 0.594448 0.046583 0.737036 0.974566 0.480235 0.738669 0.125373
0.165018 0.279482 0.365349 0.255735 0.935846 0.591554 0.996077 0.216018 0.932682 0.355641 0.373073 0.916648
0.495947 0.340115 0.756174 0.675693 0.379570 0.292607 0.638798 0.839739 0.584687 0.172793 0.740941 0.011817
0.695250 0.961975 0.445303 0.559388 0.548016 0.688768 0.774688 0.728226 0.313455 0.961507 0.573915 0.674866
0.875962 0.665429 0.124281 0.568798 0.771761 0.971659 0.239328 0.909780 0.882567 0.954477 0.492210 0.724959
0.274696 0.664333 0.593222 0.977562 0.923041 0.497099 0.491974 0.713670 0.530549 0.688848 0.079911 0.570516
0.118478 0.481099 0.360366 0.846616 0.455115 0.997619 0.513402 0.192037 0.032450 0.846181 0.656817 0.478837
0.273667 0.428153 0.414440 0.679350 0.963190 0.049127 0.550348 0.429903 0.002566 0.672450 0.704655 0.437078
0.493071 0.057969 0.988353 0.810365 0.476657 0.931007 0.148207 0.992295 0.221842 0.009663 0.399311 0.909213
0.819782 0.660285 0.758207 0.132516 0.116796 0.557850 0.626300 0.394436 0.584070 0.280254 0.998057 0.785923
0.832065 0.827378 0.065754 0.053014 0.281285 0.992892 0.707291 0.390593 0.757304 0.577356 0.854105 0.721393
0.568885 0.472378 0.705357 0.297191 0.513669 0.466841 0.681483 0.373880 0.346782 0.858407 0.037851 0.794908
0.200283 0.809194 0.899856 0.629319 0.759831 0.947939 0.112703 0.145476 0.313019 0.312929 0.351503 0.568589
0.746307 0.593984 0.674148 0.357876 0.359673 0.443522 0.687874 0.120367 0.255515 0.367615 0.953841 0.127410
0.418560 0.214541 0.021213 0.663178 0.962941 0.882338 0.182816 0.846957 0.736533 0.863201 0.958388 0.386777
0.465807 0.615467 0.976482 0.045055 0.635488 0.284136 0.021584 0.504266 0.943454 0.326159 0.120242 0.254957
0.163335 0.747225 0.205085 0.341433 0.149260 0.263924 0.326589 0.774064 0.952948 0.744428 0.796007 0.809792
0.684913 0.982781 0.571377 0.894302 0.229796 0.171181 0.252558 0.345147 0.611499 0.297944 0.166992 0.343871
0.940298 0.784792 0.340206 0.600773 0.956906 0.791117 0.770555 0.159517 0.032089 0.644760 0.323276 0.694319
0.263465 0.229559 0.563481 0.859972 0.145439 0.460298 0.982214 0.943617 0.023550 0.608386 0.145212 0.046936
0.966974 0.703914 0.369549 0.627037 0.601189 0.243958 0.289632 0.374375 0.448009 0.955132 0.257687 0.400548
0.025765 0.033645 0.382656 0.940977 0.766886 0.718160 0.875741 0.933682 0.149002 0.506330 0.381401 0.994476
0.131810 0.517530 0.057377 0.121478 0.782885 0.668348 0.627477 0.505878 0.613224 0.295267 0.093290 0.850721
0.095066 0.559067 0.717193 0.143991 0.311732 0.940095 0.584448 0.482894 0.768569 0.330792 0.273329 0.782034
0.479835 0.872424 0.175608 0.941932 0.951630 0.191489 0.937633 0.134531 0.405731 0.162566 0.828562 0.763101
0.377767 0.664345 0.424405 0.449259 0.395479 0.745182 0.488700 0.764356 0.736757 0.558986 0.655839 0.559189
0.197533 0.876952 0.601106 0.153043 0.026278 0.484340 0.930084 0.808573 0.797939 0.855618 0.505802 0.472641
0.648012 0.062441 0.676082 0.034442 0.133305 0.411881 0.705528 0.361167 0.478403 0.835544 0.186525 0.416265
0.731950 0.688940 0.847823 0.255159 0.271452 0.067419 0.780839 0.739999 0.543529 0.007153 0.402636 0.762505
0.798970 0.818535 0.973857 0.888078 0.110432 0.518142 0.704041 0.377756 0.834789 0.659268 0.986424 0.718898
0.280916 0.959545 0.504679 0.145518 0.397412 0.421881 0.001408 0.799615 0.528551 0.406001 0.184251 0.788114
0.104149 0.152623 0.356358 0.291477 0.940965 0.887021 0.160948 0.241360 0.699183 0.461817 0.155366 0.031951
0.787351 0.028265 0.540228 0.887559 0.470431 0.512177 0.785702 0.557641 0.182454 0.785883 0.979622 0.901843
0.732992 0.645902 0.626899 0.345284 0.162500 0.840646 0.780498 0.470114 0.560054 0.823881 0.390574 0.167248
0.252300 0.881375 0.417609 0.985654 0.539798 0.135281 0.126344 0.071593 0.260157 0.359397 0.317258 0.128442
0.176922 0.970349 0.391144 0.928898 0.738663 0.857635 0.887969 0.814855 0.696471 0.081307 0.481088 0.804781
0.173348 0.372348 0.194803 0.347588 0.625497 0.296350 0.476786 0.930532 0.515965 0.339820 0.850138 0.886276
0.465975 0.223822 0.980175 0.783572 0.295988 0.814061 0.996724 0.402256 0.885482 0.217446 0.250281 0.301177
0.115346 0.207843 0.876828 0.481296 0.872725 0.199739 0.494820 0.200885 0.359062 0.396263 0.222534 0.323466
0.009286 0.555210 0.325044 0.468310 0.265344 0.751467 0.990920 0.526208 0.670378 0.719026 0.057617 0.488608
0.696111 0.517801 0.600805 0.058786 0.479183 0.061259 0.363165 0.424384 0.972385 0.717004 0.510581 0.701446
0.926126 0.931252 0.930214 0.705123 0.795476 0.676624 0.416217 0.742157 0.165481 0.040508 0.253587 0.576273
0.619936 0.054279 0.979448 0.132973 0.611529 0.115845 0.652249 0.503793 0.964160 0.173064 0.858464 0.768762
0.067724 0.688441 0.991523 0.365107 0.595543 0.574590 0.247399 0.216986 0.828798 0.249641 0.553607 0.526732
0.365172 0.058517 0.460123 0.478414 0.707005 0.388241 0.928638 0.669117 0.203361 0.757190 0.329653 0.789575
0.032339 0.921402 0.456262 0.343354 0.079410 0.130932 0.989445 0.576473 0.600571 0.490399 0.511591 0.817151
0.193555 0.273253 0.183197 0.509786 0.406099 0.083817 0.295245 0.243317 0.453316 0.345189 0.373552 0.206723
0.230069 0.061462 0.911337 0.295657 0.355851 0.222573 0.449903 0.947449 0.453063 0.757945 0.359207 0.531892
0.902235 0.575527 0.868739 0.468541 0.371888 0.423219 0.454255 0.052364 0.937958 0.026543 0.922162 0.969349
0.595444 0.889215 0.175870 0.742285 0.771295 0.488689 0.042232 0.397300 0.832145 0.207556 0.121360 0.806191
0.583556 0.024415 0.014846 0.398779 0.312322 0.987103 0.446843 0.068138 0.618984 0.132567 0.468141 0.697267
0.021100 0.762849 0.628027 0.136780 0.324762 0.368766 0.011664 0.959310 0.493041 0.470829 0.850836 0.129919
0.991070 0.220828 0.422311 0.679684 0.052849 0.129134 0.280614 0.644404 0.229004 0.122958 0.570673 0.986136
0.801259 0.442314 0.526522 0.694172 0.235124 0.867555 0.373959 0.783689 0.450931 0.265438 0.495160 0.449413
0.909346 0.366077 0.384813 0.257284 0.429326 0.728926 0.218855 0.817534 0.771072 0.576309 0.828921 0.864232
0.986884 0.497411 0.410066 0.778857 0.863289 0.406951 0.037662 0.069176 0.772595 0.960300 0.498612 0.330959
0.919921 0.344303 0.254568 0.134747 0.492390 0.006096 0.718380 0.039066 0.480639 0.402098 0.185186 0.314424
0.545298 0.710886 0.171528 0.108872 0.820791 0.727985 0.377792 0.002799 0.481415 0.060435 0.315983 0.357355
0.146589 0.277164 0.245080 0.259657 0.763519 0.302903 0.615628 0.630386 0.191485 0.849756 0.032817 0.376410
0.523919 0.192524 0.745976 0.772463 0.106939 0.725085 0.466014 0.613402 0.074002 0.442414 0.217480 0.114960
0.067649 0.596533 0.019593 0.829725 0.304238 0.980797 0.967695 0.872245 0.563595 0.532348 0.290266 0.969506
0.073955 0.869960 0.331368 0.016362 0.876239 0.970059 0.800097 0.465125 0.904781 0.955145 0.406993 0.134636
0.769329 0.231919 0.016619 0.449288 0.829160 0.121811 0.481156 0.060937 0.827002 0.680501 0.867065 0.945500
0.569606 0.540539 0.133902 0.316391 0.902258 0.517434 0.860570 0.557578 0.356036 0.359742 0.948044 0.335081
0.072740 0.976629 0.715160 0.161166 0.924392 0.979614 0.342314 0.810472 0.107148 0.985422 0.039211 0.836400
0.034186 0.865630 0.634330 0.588257 0.312457 0.966101 0.650378 0.622408 0.451848 0.495925 0.777143 0.603760
0.171558 0.198037 0.077480 0.588156 0.400717 0.505835 0.419210 0.855950 0.351851 0.424360 0.109659 0.880012
0.953566 0.250078 0.341146 0.355607 0.311344 0.508446 0.624640 0.165497 0.013254 0.474422 0.597398 0.398600
0.029674 0.194493 0.970454 0.560424 0.861133 0.769505 0.877901 0.498574 0.014961 0.214937 0.176003 0.097291
0.339706 0.644156 0.639323 0.197238 0.605634 0.243144 0.710779 0.599467 0.817014 0.622926 0.224947 0.053430
0.459998 0.903437 0.869616 0.447543 0.787246 0.885534 0.961916 0.930157 0.635903 0.359292 0.320651 0.992939
0.896661 0.952357 0.064509 0.461601 0.726628 0.423329 0.199793 0.019334 0.002086 0.185903 0.645148 0.181722
0.680964 0.727940 0.049118 0.394625 0.227584 0.560455 0.246931 0.741569 0.258847 0.926023 0.404106 0.226703
0.485741 0.345776 0.063060 0.912231 0.297940 0.854307 0.194247 0.612005 0.854908 0.952209 0.072086 0.525630
0.959484 0.541950 0.866114 0.787674 0.752556 0.872895 0.098732 0.704771 0.175953 0.569203 0.764469 0.933840
0.052416 0.960326 0.927076 0.543492 0.470322 0.045293 0.956115 0.858080 0.014256 0.125785 0.739489 0.980152
0.579850 0.740575 0.462746 0.380058 0.445165 0.753605 0.777885 0.660802 0.528583 0.091871 0.120954 0.357923
0.632929 0.930855 0.674196 0.220673 0.174248 0.714661 0.485806 0.442684 0.484442 0.152378 0.580424 0.454807
0.696584 0.557550 0.378675 0.662699 0.855698 0.163320 0.648732 0.452067 0.105250 0.745491 0.667934 0.175095
0.350922 0.031143 0.014174 0.602968 0.838161 0.530016 0.468507 0.338193 0.983081 0.357699 0.558706 0.959928
0.105519 0.674332 0.593767 0.119662 0.041861 0.575706 0.705604 0.659817 0.298289 0.487952 0.312810 0.745300
0.853508 0.721403 0.267343 0.128516 0.068228 0.161969 0.760072 0.931844 0.166146 0.140623 0.184678 0.091255
0.327289 0.504630 0.655782 0.900570 0.286930 0.036850 0.129055 0.092143 0.027189 0.091030 0.037042 0.294993
0.873784 0.684181 0.856111 0.719600 0.718393 0.917129 0.431336 0.434027 0.707639 0.216815 0.344285 0.314721
0.250574 0.954760 0.882919 0.538270 0.602759 0.188914 0.042446 0.837874 0.977980 0.625096 0.397423 0.373870
0.156638 0.770550 0.425860 0.086527 0.600335 0.080184 0.120792 0.821792 0.970215 0.726124 0.825150 0.860486
0.300463 0.248015 0.901956 0.292736 0.753825 0.313522 0.713591 0.035556 0.483669 0.333943 0.308663 0.711638
0.671468 0.574932 0.739445 0.678770 0.835360 0.471937 0.800823 0.779369 0.261418 0.597538 0.916183 0.356408
0.082566 0.633766 0.440713 0.752445 0.747542 0.202695 0.299459 0.409438 0.214503 0.486670 0.436357 0.766408
0.530715 0.089759 0.385551 0.805181 0.270937 0.346736 0.940847 0.590308 0.067141 0.504810 0.430601 0.118465
0.997614 0.686244 0.375250 0.979735 0.855696 0.801323 0.628505 0.445869 0.318780 0.163310 0.989456 0.229267
0.812371 0.324872 0.958425 0.854708 0.557086 0.262001 0.051166 0.412723 0.393202 0.012678 0.835203 0.811640
0.033858 0.941542 0.747184 0.754898 0.025447 0.900648 0.760860 0.573529 0.636475 0.954455 0.700964 0.057684
0.406161 0.387068 0.552111 0.614082 0.288733 0.566511 0.781168 0.841930 0.970889 0.534244 0.577855 0.481460
0.870716 0.117796 0.619386 0.412145 0.098062 0.909226 0.983949 0.534332 0.663332 0.927314 0.932759 0.588639
0.120130 0.804531 0.551729 0.040765 0.312524 0.118334 0.785642 0.950981 0.353165 0.937685 0.102720 0.665948
0.806784 0.219868 0.710253 0.174047 0.632052 0.798855 0.567517 0.327717 0.572774 0.700683 0.391145 0.256638
0.144391 0.536572 0.747108 0.048880 0.726891 0.395636 0.950129 0.659032 0.942777 0.216904 0.196371 0.563446
0.447187 0.309598 0.536105 0.042924 0.298820 0.883593 0.632327 0.127666 0.668401 0.912289 0.885379 0.992166
0.277275 0.785636 0.262111 0.804943 0.062198 0.117865 0.177635 0.210903 0.406015 0.529294 0.824675 0.029099
0.865246 0.529077 0.189334 0.579011 0.651168 0.564553 0.104233 0.552507 0.152640 0.674610 0.901461 0.950325
0.605988 0.756262 0.571654 0.396554 0.446343 0.473054 0.557596 0.988312 0.297443 0.851508 0.359555 0.453329
0.645442 0.168945 0.155057 0.755895 0.390666 0.817549 0.888320 0.441101 0.138551 0.702307 0.592348 0.950201
0.694549 0.662204 0.237578 0.132159 0.892354 0.853323 0.041966 0.911336 0.114322 0.297451 0.524201 0.117265
0.843590 0.204110 0.454516 0.299962 0.906039 0.908310 0.259570 0.693098 0.975777 0.651301 0.305431 0.752859
0.313457 0.847944 0.549331 0.798598 0.183373 0.875710 0.591841 0.752424 0.709786 0.374308 0.706863 0.949360
0.557502 0.312401 0.588745 0.721491 0.227587 0.841835 0.338519 0.575269 0.336991 0.144394 0.060037 0.492788
0.455165 0.851562 0.504634 0.307588 0.796097 0.265386 0.338554 0.024450 0.002368 0.160398 0.122785 0.377494
0.536656 0.756307 0.898971 0.407558 0.258747 0.115000 0.223298 0.391708 0.980728 0.202428 0.609711 0.407756
