0.367358 0.482878 0.521478 0.464952 0.591701 0.279377 0.767556 0.071846 0.647447 0.489349 0.412509 0.403414
0.736701 0.294456 0.810285 0.638327 0.083669 0.693513 0.781757 0.881803 0.617374 0.332077 0.035339 0.233432
0.072972 0.079491 0.870977 0.385346 0.924463 0.158180 0.329416 0.177464 0.358030 0.819010 0.706929 0.922987
0.326448 0.113525 0.142691 0.919665 0.825113 0.840872 0.710626 0.122648 0.599890 0.717156 0.346012 0.022237
0.115090 0.556366 0.177777 0.472765 0.881623 0.764964 0.089832 0.578974 0.792086 0.263634 0.322520 0.215764
0.869431 0.922093 0.927312 0.077068 0.825241 0.313473 0.558448 0.820874 0.966973 0.930443 0.005397 0.436393
0.352161 0.033360 0.468903 0.835565 0.574605 0.771044 0.004512 0.235657 0.176951 0.877091 0.453421 0.791330
0.438323 0.413412 0.300369 0.869420 0.580865 0.389341 0.960294 0.642044 0.048298 0.230534 0.940894 0.707588
0.097221 0.976997 0.323253 0.047274 0.944492 0.743282 0.382417 0.937338 0.166321 0.595869 0.617389 0.444527
0.961218 0.620601 0.824399 0.957230 0.316239 0.688245 0.577702 0.469365 0.355990 0.654259 0.724604 0.079565
0.854743 0.950569 0.632688 0.274637 0.434086 0.340582 0.185937 0.491518 0.570538 0.588215 0.769398 0.845464
0.766388 0.719198 0.718048 0.154365 0.058131 0.317277 0.033092 0.536055 0.713015 0.747853 0.423049 0.682239
0.507109 0.137891 0.885091 0.735294 0.513430 0.303698 0.739752 0.476421 0.715376 0.279480 0.606077 0.147777
0.586244 0.738910 0.400852 0.819177 0.227788 0.547530 0.328265 0.872446 0.208725 0.331147 0.887784 0.812068
0.897950 0.998574 0.504819 0.956144 0.047556 0.373945 0.794399 0.244222 0.888137 0.058646 0.979834 0.843841
0.688908 0.506048 0.075424 0.910386 0.154528 0.481825 0.838679 0.134539 0.370867 0.800523 0.945794 0.605628
0.158183 0.249835 0.873286 0.297725 0.244014 0.723698 0.585746 0.633237 0.775425 0.232426 0.387726 0.485007
0.776641 0.775388 0.342548 0.073881 0.814927 0.788101 0.025706 0.296222 0.116315 0.392205 0.071454 0.829508
0.213812 0.258281 0.222119 0.802004 0.489954 0.147256 0.168491 0.538475 0.687150 0.239138 0.670817 0.436491
0.385774 0.550906 0.362750 0.351851 0.123186 0.076698 0.357528 0.587439 0.313167 0.524344 0.006193 0.071225
0.283645 0.674519 0.604768 0.086797 0.075962 0.593518 0.677133 0.827325 0.838608 0.433108 0.073369 0.797986
0.162360 0.633840 0.935664 0.807058 0.380709 0.505941 0.311914 0.964100 0.544971 0.818459 0.248476 0.168709
0.350303 0.484685 0.994013 0.282885 0.862404 0.686316 0.245791 0.065748 0.218766 0.932574 0.931808 0.838119
0.039627 0.023293 0.494735 0.388580 0.296842 0.556208 0.943978 0.823342 0.338273 0.984849 0.457195 0.781274
0.240763 0.788844 0.665945 0.819061 0.904732 0.421818 0.600020 0.008242 0.982619 0.186540 0.011584 0.114284
0.773388 0.158286 0.117899 0.438584 0.797790 0.744351 0.355487 0.428650 0.580244 0.930847 0.634450 0.222881
0.630884 0.853353 0.905016 0.348330 0.040773 0.728938 0.210131 0.602871 0.489806 0.371954 0.582060 0.238249
0.089516 0.543843 0.602181 0.570335 0.839514 0.073526 0.163299 0.519215 0.805312 0.764044 0.807836 0.516327
0.042753 0.427559 0.046202 0.047946 0.313167 0.105803 0.339592 0.968933 0.906967 0.236285 0.591319 0.642103
0.631693 0.669999 0.617660 0.035705 0.759719 0.749495 0.399160 0.083776 0.985967 0.186881 0.498948 0.500279
0.147581 0.435163 0.498565 0.929579 0.003740 0.345194 0.640812 0.741962 0.387306 0.753794 0.692714 0.616995
0.560127 0.132857 0.412476 0.830629 0.015111 0.908731 0.254310 0.230752 0.713873 0.444430 0.534887 0.533746
0.611803 0.603875 0.625059 0.547988 0.184671 0.160475 0.427108 0.516349 0.469289 0.188791 0.570487 0.217209
0.150339 0.151142 0.617939 0.525562 0.455447 0.121166 0.657553 0.892873 0.430504 0.393695 0.543991 0.522510
0.620914 0.651756 0.114753 0.872620 0.036085 0.737904 0.827632 0.393071 0.331936 0.650472 0.332490 0.982073
0.593146 0.397366 0.492923 0.209380 0.589459 0.451504 0.128188 0.009980 0.689323 0.711724 0.953159 0.323118
0.078904 0.523351 0.848105 0.460458 0.343064 0.532792 0.579276 0.786493 0.043802 0.187122 0.841945 0.041459
0.561552 0.677922 0.141432 0.129575 0.784346 0.853290 0.874653 0.052212 0.748180 0.565055 0.987343 0.039609
0.838863 0.339892 0.783061 0.497331 0.339777 0.067008 0.350605 0.677823 0.098647 0.996222 0.743142 0.566903
0.752666 0.553130 0.878927 0.029710 0.492946 0.753680 0.522217 0.440151 0.439085 0.864797 0.766434 0.051549
0.502441 0.908523 0.964679 0.116582 0.193429 0.720694 0.857887 0.808244 0.106501 0.073233 0.183686 0.276294
0.512005 0.583186 0.124242 0.858338 0.972956 0.691254 0.197111 0.272342 0.587786 0.801637 0.368204 0.787823
0.557860 0.507109 0.492923 0.996799 0.602958 0.848437 0.565229 0.908740 0.154216 0.499398 0.665807 0.065402
0.191283 0.142729 0.354472 0.559283 0.070160 0.035173 0.503377 0.192284 0.477289 0.064715 0.147257 0.192310
0.129465 0.293946 0.470130 0.101959 0.367011 0.975320 0.302803 0.281953 0.282748 0.492054 0.899542 0.217217
0.220911 0.224872 0.848711 0.166744 0.872868 0.623592 0.682932 0.197535 0.897842 0.964656 0.254877 0.020555
0.195856 0.639225 0.176341 0.388574 0.982641 0.275770 0.548635 0.827389 0.875010 0.856193 0.481813 0.152899
0.961043 0.779197 0.777968 0.441480 0.671926 0.143111 0.998645 0.034662 0.978222 0.360774 0.120646 0.606107
0.342243 0.345560 0.500084 0.656199 0.861955 0.968867 0.093305 0.087884 0.941557 0.591536 0.087225 0.761970
0.465614 0.144672 0.879632 0.025725 0.963098 0.525244 0.895433 0.263633 0.450669 0.518477 0.646824 0.244737
0.639330 0.435170 0.168816 0.690504 0.392559 0.501451 0.446684 0.509227 0.717053 0.607468 0.174790 0.480929
0.125051 0.687214 0.142702 0.812712 0.648103 0.216038 0.452326 0.049018 0.871549 0.437960 0.990186 0.407814
0.366972 0.971158 0.213204 0.480074 0.851643 0.081146 0.847267 0.220912 0.881616 0.560882 0.279600 0.406906
0.405052 0.470277 0.300265 0.776075 0.232214 0.998137 0.677426 0.985106 0.693428 0.059603 0.355834 0.086347
0.908738 0.740068 0.046260 0.779197 0.383839 0.913596 0.165170 0.546888 0.958957 0.922436 0.604296 0.181818
0.514984 0.642931 0.382303 0.774258 0.999715 0.513051 0.903919 0.009935 0.077657 0.104287 0.787856 0.380216
0.919062 0.014302 0.150369 0.106332 0.144656 0.747568 0.183395 0.781321 0.273101 0.617724 0.409513 0.977576
0.772898 0.535846 0.651964 0.234989 0.667354 0.401313 0.456486 0.193933 0.109648 0.007070 0.567201 0.142671
0.005063 0.895487 0.298956 0.993642 0.875461 0.063537 0.170095 0.766009 0.944336 0.754887 0.864152 0.799658
0.417715 0.538153 0.615222 0.518736 0.483584 0.066859 0.920397 0.847867 0.124323 0.227502 0.554483 0.249157
0.925396 0.863389 0.714090 0.437963 0.045881 0.840393 0.690630 0.916955 0.211487 0.670635 0.033075 0.766647
0.382746 0.722014 0.138276 0.392606 0.764043 0.839295 0.223062 0.707806 0.944193 0.494145 0.196635 0.153800
0.287151 0.736380 0.725728 0.729490 0.227726 0.699294 0.623488 0.066263 0.049858 0.968173 0.208984 0.903479
0.587150 0.537318 0.915081 0.552641 0.987538 0.634546 0.637578 0.606808 0.751265 0.668505 0.635832 0.529296
0.702545 0.939502 0.399950 0.303681 0.199125 0.761577 0.408532 0.993431 0.512126 0.784836 0.348806 0.593305
0.666157 0.190535 0.345820 0.870092 0.486889 0.591059 0.813083 0.522805 0.559704 0.371280 0.115146 0.693690
0.653459 0.589406 0.518440 0.079469 0.365019 0.736562 0.729027 0.126194 0.560891 0.979870 0.429428 0.537434
0.809008 0.285950 0.528484 0.365977 0.660088 0.377173 0.348420 0.977022 0.416882 0.476443 0.560767 0.132325
0.925821 0.756510 0.648345 0.087728 0.844194 0.688390 0.078747 0.296606 0.614257 0.161097 0.850376 0.983676
0.675373 0.241064 0.455267 0.958349 0.793539 0.197240 0.430822 0.235002 0.386375 0.677610 0.521209 0.871620
0.283398 0.970444 0.459097 0.531417 0.194774 0.250319 0.991213 0.796117 0.457182 0.558254 0.464538 0.892360
0.562508 0.707435 0.409835 0.146804 0.679477 0.180414 0.702890 0.578441 0.010888 0.930262 0.055736 0.399893
0.143175 0.049206 0.999386 0.124397 0.064223 0.574728 0.576054 0.825274 0.084575 0.128955 0.282948 0.144619
0.615368 0.660259 0.645270 0.324113 0.039595 0.827519 0.826264 0.737414 0.459428 0.354636 0.717798 0.815879
0.597980 0.883356 0.138530 0.988779 0.998388 0.674057 0.423813 0.330864 0.168190 0.481618 0.366267 0.367888
0.474894 0.390673 0.394464 0.736105 0.600737 0.605060 0.839125 0.966858 0.975402 0.333866 0.567810 0.838484
0.674523 0.054774 0.303327 0.910394 0.870454 0.896298 0.800227 0.702982 0.219353 0.316862 0.996412 0.042422
0.386896 0.351095 0.062126 0.920601 0.939846 0.294960 0.029938 0.937422 0.231043 0.289743 0.975116 0.604329
0.532900 0.900307 0.034923 0.327995 0.608835 0.873642 0.115734 0.497676 0.971099 0.756102 0.596033 0.956495
0.054279 0.631579 0.922091 0.490509 0.169337 0.855990 0.243430 0.544317 0.903690 0.208730 0.714484 0.145917
0.894447 0.714955 0.213113 0.335210 0.085802 0.226520 0.739574 0.676638 0.611088 0.454449 0.030351 0.918704
0.578235 0.721249 0.028982 0.950185 0.445162 0.388005 0.356061 0.753641 0.703810 0.030837 0.380072 0.590730
0.733716 0.392198 0.028267 0.621106 0.491257 0.752652 0.222392 0.435826 0.004295 0.113372 0.908709 0.366264
0.266380 0.902695 0.539398 0.476305 0.978971 0.527457 0.929214 0.678545 0.971070 0.121123 0.729789 0.761717
0.678154 0.269570 0.998336 0.358308 0.284755 0.113857 0.604135 0.194360 0.569990 0.626104 0.168932 0.265484
0.260017 0.461688 0.994224 0.394032 0.774368 0.493153 0.720830 0.413620 0.414615 0.604024 0.346035 0.768633
0.123171 0.103340 0.909176 0.934992 0.311751 0.025493 0.611374 0.635317 0.552911 0.899887 0.091134 0.687237
0.212778 0.776046 0.909119 0.553104 0.736171 0.332404 0.828590 0.322099 0.631305 0.903301 0.377558 0.542180
0.540900 0.299599 0.870563 0.837872 0.439332 0.820125 0.063938 0.800056 0.622671 0.838094 0.494645 0.364765
0.704203 0.115905 0.731920 0.202599 0.334453 0.809272 0.113947 0.782718 0.370312 0.824641 0.080882 0.246530
0.208485 0.041178 0.923796 0.818063 0.231110 0.453093 0.815118 0.987180 0.035514 0.330641 0.444660 0.920815
0.588932 0.451975 0.995367 0.348042 0.747962 0.457376 0.133220 0.638118 0.746834 0.236528 0.974481 0.501433
0.809437 0.656565 0.766418 0.251514 0.024017 0.752491 0.181745 0.881260 0.185737 0.299808 0.793639 0.862199
0.603435 0.449481 0.447719 0.388458 0.314946 0.545432 0.498062 0.956839 0.712691 0.976279 0.145947 0.689132
0.723887 0.075303 0.093072 0.473733 0.675841 0.674445 0.884751 0.040587 0.736641 0.604252 0.970511 0.567957
0.761238 0.102192 0.766396 0.936351 0.936105 0.459634 0.256372 0.377986 0.881642 0.555252 0.073237 0.067299
0.977133 0.093356 0.679805 0.111066 0.221677 0.970067 0.833110 0.659762 0.549767 0.216512 0.035855 0.377521
0.600477 0.649030 0.629935 0.762374 0.105576 0.169262 0.235158 0.637089 0.187110 0.060904 0.473741 0.452355
0.067379 0.061922 0.949491 0.921002 0.260162 0.653520 0.035490 0.748529 0.478356 0.745666 0.569507 0.058513
0.933931 0.841859 0.473391 0.034601 0.278203 0.972286 0.029815 0.495684 0.903691 0.066435 0.714501 0.766238
0.985509 0.800729 0.827815 0.924444 0.628621 0.960741 0.903865 0.418030 0.548716 0.720214 0.972184 0.672883
0.215146 0.331079 0.212262 0.658101 0.867487 0.806507 0.041861 0.129569 0.898310 0.439992 0.402419 0.629617
0.186301 0.448184 0.668320 0.649841 0.371900 0.763829 0.163394 0.806761 0.130673 0.892039 0.617445 0.103242
0.175492 0.763972 0.029048 0.411888 0.015841 0.341337 0.919352 0.396500 0.291260 0.015876 0.092933 0.258096
0.572425 0.238746 0.759375 0.545138 0.361643 0.891398 0.900595 0.368939 0.709292 0.369557 0.034863 0.428512
0.311105 0.450831 0.760781 0.142272 0.760176 0.578362 0.934589 0.897531 0.343702 0.106589 0.640876 0.287372
0.883292 0.642790 0.664473 0.622307 0.780354 0.074785 0.227581 0.519283 0.430652 0.715520 0.374475 0.498489
0.422563 0.653569 0.892962 0.783610 0.725104 0.708230 0.226492 0.395473 0.669723 0.200446 0.823925 0.570600
0.790605 0.605129 0.835932 0.708066 0.709545 0.409426 0.627413 0.651300 0.380295 0.553034 0.749709 0.457942
0.046098 0.405039 0.117209 0.417949 0.471610 0.894867 0.965805 0.439054 0.202732 0.446214 0.943635 0.525407
0.165894 0.277422 0.207292 0.988982 0.453869 0.539986 0.199010 0.631661 0.291049 0.700284 0.268407 0.616341
0.780440 0.616789 0.848124 0.777764 0.762702 0.104421 0.411726 0.005246 0.805148 0.101157 0.995821 0.385234
0.928450 0.087918 0.829613 0.305075 0.261523 0.757423 0.376635 0.454270 0.355791 0.836388 0.778962 0.358000
0.047984 0.132458 0.197963 0.352128 0.997757 0.341982 0.521090 0.635614 0.191359 0.037753 0.117216 0.467509
0.465839 0.929097 0.574578 0.096943 0.429896 0.520099 0.853793 0.222686 0.194837 0.386940 0.099560 0.560160
0.916362 0.297786 0.829896 0.443230 0.213269 0.866833 0.990864 0.663951 0.331887 0.739538 0.638880 0.784337
0.850792 0.706428 0.976020 0.174771 0.785570 0.357540 0.129007 0.291027 0.452701 0.791080 0.497928 0.017628
0.660800 0.976737 0.520971 0.320481 0.327344 0.423281 0.800579 0.126575 0.590700 0.511885 0.122308 0.386527
0.803062 0.556595 0.924132 0.457325 0.153974 0.553716 0.136837 0.343087 0.656795 0.968945 0.830104 0.840158
0.221645 0.038344 0.877883 0.780216 0.087428 0.939945 0.718374 0.778256 0.965625 0.229610 0.872834 0.095001
0.328795 0.084166 0.107848 0.898445 0.244162 0.967999 0.410590 0.312969 0.387118 0.390833 0.180717 0.425846
0.326323 0.368174 0.395634 0.681555 0.998742 0.111864 0.746467 0.894688 0.040526 0.519137 0.449537 0.768341
0.019232 0.732572 0.548157 0.469903 0.473980 0.981596 0.601858 0.028424 0.191393 0.998167 0.158133 0.803139
0.573628 0.425510 0.502053 0.375297 0.233184 0.034855 0.303104 0.619301 0.379245 0.031952 0.738773 0.275602
0.374997 0.852065 0.268786 0.774758 0.974870 0.726729 0.868462 0.397362 0.682118 0.029095 0.491246 0.045017
0.757783 0.362958 0.321260 0.117951 0.628499 0.602121 0.454515 0.014437 0.907002 0.749699 0.546670 0.276276
0.646705 0.768112 0.765984 0.874369 0.745254 0.909856 0.901828 0.829003 0.306128 0.789322 0.585802 0.840987
0.629085 0.367097 0.639943 0.855766 0.573837 0.334882 0.910100 0.338043 0.212553 0.850158 0.185658 0.946882
0.634658 0.826126 0.315755 0.151012 0.016736 0.449038 0.323597 0.545109 0.994799 0.282961 0.390163 0.029712
0.368050 0.099175 0.402560 0.284135 0.034045 0.583881 0.514651 0.203760 0.971995 0.392720 0.393318 0.158124
0.611101 0.927990 0.844366 0.231360 0.541352 0.074507 0.622807 0.058707 0.347253 0.928361 0.081178 0.639406
0.336324 0.720287 0.814218 0.880438 0.569026 0.836323 0.756523 0.716653 0.039370 0.961907 0.616617 0.007999
0.530715 0.199051 0.569816 0.501730 0.779151 0.384753 0.689057 0.651749 0.503100 0.901207 0.962762 0.319563
0.730514 0.491855 0.639039 0.025618 0.332398 0.821030 0.964705 0.955552 0.865158 0.595836 0.910243 0.731008
0.804811 0.770951 0.163771 0.302029 0.739941 0.661006 0.498769 0.489770 0.285485 0.435548 0.903604 0.197246
0.693934 0.034069 0.090795 0.297953 0.156249 0.812111 0.783042 0.315822 0.000853 0.212238 0.737763 0.015728
0.369261 0.603866 0.217294 0.546667 0.249873 0.116023 0.291604 0.744287 0.556865 0.254411 0.665531 0.503111
0.953891 0.192789 0.796354 0.901041 0.824708 0.759713 0.745027 0.866470 0.671875 0.357283 0.004199 0.653939
0.633449 0.096588 0.381567 0.921339 0.562653 0.914450 0.184050 0.992298 0.100914 0.778888 0.780693 0.708492
0.369123 0.982598 0.738671 0.238241 0.444847 0.421645 0.559667 0.757021 0.339703 0.145158 0.287241 0.582108
0.370358 0.367635 0.305149 0.284012 0.515998 0.750555 0.562351 0.201373 0.116974 0.362221 0.385086 0.962795
0.608630 0.875910 0.721131 0.257916 0.179795 0.330808 0.149999 0.158343 0.622075 0.320887 0.602064 0.618024
0.366223 0.601183 0.299432 0.031776 0.150083 0.816070 0.715362 0.954851 0.200494 0.240986 0.393336 0.190045
0.426531 0.401717 0.785310 0.724121 0.496398 0.949103 0.750159 0.452519 0.952258 0.113277 0.869200 0.682831
0.954251 0.278659 0.651473 0.229437 0.746255 0.582112 0.074271 0.843782 0.580865 0.583590 0.855132 0.220950
0.486064 0.972458 0.558116 0.305814 0.707775 0.171177 0.608648 0.583942 0.023719 0.440002 0.941284 0.405055
0.638202 0.883586 0.458853 0.911239 0.568897 0.099151 0.184404 0.297979 0.877929 0.545859 0.537998 0.540629
0.350705 0.564451 0.927975 0.300803 0.644110 0.191782 0.285577 0.251025 0.409988 0.564578 0.458394 0.636704
0.010087 0.792637 0.327788 0.329526 0.828822 0.157503 0.962729 0.192962 0.635643 0.101238 0.133111 0.919754
0.264486 0.132876 0.696354 0.977516 0.928192 0.163634 0.370905 0.699336 0.688364 0.342610 0.043832 0.537194
0.344384 0.868640 0.543153 0.186458 0.035983 0.373495 0.846015 0.696635 0.951877 0.670172 0.831687 0.897128
0.136968 0.232907 0.477175 0.369149 0.547648 0.880881 0.438681 0.252389 0.920651 0.040322 0.062334 0.712519
0.043657 0.435621 0.273731 0.278322 0.093119 0.957139 0.620368 0.672190 0.454262 0.544376 0.877610 0.520515
0.083851 0.297708 0.521357 0.884738 0.109860 0.326078 0.891684 0.847215 0.146650 0.577701 0.597514 0.245622
0.089725 0.047761 0.357850 0.284890 0.889005 0.177347 0.765590 0.150885 0.716460 0.950862 0.086950 0.649519
0.089858 0.418368 0.709726 0.498028 0.331647 0.726873 0.603496 0.876836 0.736242 0.561767 0.246873 0.993274
0.691633 0.161113 0.368975 0.286068 0.919391 0.071651 0.974072 0.669741 0.248325 0.041706 0.229123 0.785982
0.468049 0.307401 0.293159 0.026880 0.963941 0.151613 0.434030 0.203224 0.539912 0.289475 0.081365 0.564281
0.194909 0.973265 0.681487 0.419685 0.383509 0.521076 0.252966 0.118970 0.796019 0.956996 0.901294 0.737093
0.828944 0.050017 0.774944 0.864527 0.840668 0.196243 0.849295 0.771385 0.910309 0.024872 0.772866 0.193795
0.827515 0.380987 0.761045 0.948243 0.781432 0.464672 0.691012 0.037047 0.714060 0.534047 0.184571 0.867716
0.342955 0.382165 0.237259 0.938774 0.749712 0.540119 0.417310 0.565670 0.696168 0.546293 0.659656 0.878263
0.599302 0.374427 0.151006 0.939257 0.916162 0.173479 0.385856 0.335069 0.323183 0.197709 0.689296 0.233369
0.144796 0.311427 0.562616 0.270354 0.576776 0.270818 0.873668 0.262549 0.724535 0.420755 0.791235 0.171696
0.329603 0.958411 0.413594 0.490436 0.068479 0.847315 0.462152 0.199657 0.886744 0.024863 0.619749 0.314105
0.175193 0.763861 0.522333 0.943277 0.799917 0.912092 0.422168 0.282157 0.237564 0.916780 0.187278 0.748844
0.705777 0.536840 0.106063 0.520375 0.317169 0.477914 0.450033 0.259224 0.211890 0.153086 0.523341 0.886285
0.810151 0.666470 0.126631 0.691281 0.671156 0.417958 0.953456 0.993321 0.117052 0.891637 0.324715 0.072727
0.242354 0.809646 0.673852 0.216825 0.150314 0.481571 0.262889 0.499778 0.210293 0.847899 0.567196 0.783103
0.595931 0.974214 0.864248 0.419198 0.401252 0.356276 0.863550 0.464047 0.464022 0.486240 0.386979 0.959412
0.683564 0.148987 0.374944 0.345317 0.805992 0.533206 0.875898 0.007326 0.540166 0.194563 0.374492 0.725050
0.282383 0.397096 0.932384 0.031976 0.812166 0.690905 0.750573 0.701013 0.883611 0.373812 0.765725 0.403140
0.234733 0.425326 0.234682 0.905752 0.051745 0.791732 0.216725 0.075666 0.531820 0.253240 0.225347 0.854010
0.700223 0.729201 0.112755 0.409615 0.905201 0.563174 0.077066 0.246432 0.534115 0.100192 0.145057 0.711950
0.889953 0.826468 0.519301 0.765008 0.315903 0.908533 0.888957 0.997794 0.290339 0.478176 0.578881 0.771625
0.431190 0.400598 0.743869 0.968652 0.942716 0.942890 0.709609 0.812086 0.489363 0.724089 0.538345 0.471294
0.711137 0.136999 0.506924 0.780072 0.408993 0.373424 0.385218 0.189328 0.644169 0.214490 0.516592 0.229738
0.930371 0.312654 0.672140 0.340606 0.070877 0.599165 0.744075 0.178571 0.602478 0.770376 0.501102 0.055580
0.450118 0.811333 0.602918 0.864650 0.019597 0.721499 0.056688 0.359506 0.385659 0.448027 0.062839 0.571914
0.449769 0.131067 0.273474 0.379757 0.918472 0.975623 0.139669 0.195207 0.859134 0.387322 0.664853 0.209249
0.810769 0.535948 0.569414 0.327934 0.628590 0.952873 0.055155 0.227049 0.049113 0.113883 0.932184 0.987985
0.870445 0.554759 0.417585 0.825597 0.547859 0.374985 0.413795 0.056529 0.195970 0.026560 0.763544 0.652290
0.988524 0.873395 0.982858 0.578267 0.780079 0.447679 0.172393 0.122363 0.851787 0.949096 0.381704 0.701253
0.351013 0.633767 0.022030 0.315994 0.828076 0.635008 0.361321 0.397146 0.558516 0.047435 0.661927 0.661989
0.644405 0.341702 0.953901 0.338752 0.436578 0.945112 0.271835 0.225031 0.819219 0.266565 0.019256 0.260621
0.853298 0.148006 0.166685 0.908241 0.999012 0.125034 0.452653 0.413601 0.529129 0.007061 0.181765 0.194183
0.846977 0.532744 0.413606 0.934315 0.609905 0.090890 0.276383 0.505579 0.558210 0.424898 0.576365 0.097612
0.629696 0.523713 0.215880 0.521177 0.614789 0.411990 0.634348 0.505631 0.722488 0.431953 0.321330 0.633253
0.121328 0.344731 0.179501 0.709154 0.457269 0.939161 0.623577 0.750056 0.138701 0.920742 0.468908 0.203593
0.643461 0.929581 0.575365 0.273560 0.783441 0.427696 0.293792 0.531580 0.898468 0.348110 0.633555 0.701297
0.901100 0.441258 0.019533 0.307848 0.414826 0.613333 0.278811 0.601085 0.440172 0.174316 0.378468 0.535617
0.175752 0.135498 0.858707 0.955834 0.405833 0.656954 0.999716 0.493874 0.291378 0.435805 0.796913 0.177610
0.423398 0.362557 0.460464 0.934122 0.533511 0.052763 0.847211 0.995082 0.487500 0.986385 0.814926 0.506332
0.754032 0.000706 0.208253 0.491135 0.030836 0.165910 0.493043 0.241160 0.372176 0.897361 0.014251 0.383264
0.245912 0.565426 0.932202 0.816084 0.831261 0.654614 0.969544 0.047139 0.222776 0.635594 0.913825 0.119823
0.308553 0.628491 0.129928 0.961220 0.424945 0.557248 0.679987 0.865815 0.869446 0.949135 0.303277 0.236169
0.949340 0.269376 0.408545 0.086743 0.974124 0.095116 0.600889 0.191447 0.624230 0.072493 0.814841 0.205712
0.044648 0.326901 0.682119 0.433803 0.295595 0.296544 0.483499 0.726794 0.090345 0.576298 0.478580 0.840667
0.856972 0.552976 0.265194 0.433277 0.663148 0.728717 0.557138 0.919552 0.619017 0.636437 0.136104 0.720934
0.149493 0.049806 0.075057 0.138622 0.915161 0.890209 0.329178 0.388054 0.190295 0.733319 0.187465 0.798697
0.563815 0.818639 0.565707 0.720368 0.386200 0.967793 0.447702 0.424486 0.834667 0.604412 0.277558 0.117283
0.672383 0.614342 0.506166 0.872408 0.571862 0.538154 0.823516 0.343323 0.324155 0.891457 0.816047 0.406991
0.313467 0.772497 0.929695 0.268011 0.128464 0.266118 0.609082 0.348797 0.768174 0.975937 0.535220 0.736808
0.203316 0.838543 0.273266 0.077983 0.084666 0.506025 0.755471 0.436815 0.990441 0.942419 0.953301 0.160042
0.881706 0.899776 0.218060 0.133968 0.088687 0.091913 0.057973 0.540016 0.862179 0.539812 0.966661 0.436476
0.534878 0.100695 0.065086 0.182660 0.765206 0.383203 0.546731 0.234804 0.165134 0.960581 0.164272 0.524751
0.404277 0.668770 0.616646 0.643569 0.713809 0.915890 0.535084 0.857651 0.403192 0.645185 0.224588 0.675302
0.730788 0.482971 0.664129 0.889329 0.371821 0.320107 0.340314 0.617856 0.660925 0.653053 0.732800 0.610175
0.643500 0.966540 0.960096 0.262805 0.036543 0.168065 0.682622 0.233614 0.862562 0.661473 0.655326 0.555852
0.535820 0.408679 0.899722 0.104567 0.134859 0.477776 0.975379 0.760498 0.489704 0.092390 0.403427 0.704492
0.170874 0.081527 0.878095 0.428404 0.709423 0.068357 0.266433 0.576318 0.305872 0.856810 0.015003 0.177371
0.728764 0.559398 0.425822 0.115692 0.559832 0.223315 0.859329 0.147476 0.686546 0.277297 0.242022 0.175211
0.034805 0.900301 0.583937 0.062473 0.929814 0.315423 0.398096 0.483292 0.918211 0.449627 0.973866 0.171778
0.741176 0.910909 0.312191 0.027817 0.202032 0.958434 0.753034 0.068925 0.310559 0.241887 0.466955 0.976040
0.942982 0.449504 0.051081 0.735748 0.665933 0.173443 0.454020 0.925076 0.567971 0.611802 0.693782 0.620196
0.095355 0.393685 0.655206 0.109443 0.825900 0.703236 0.032149 0.934505 0.860846 0.546569 0.100316 0.807756
0.566284 0.690346 0.108875 0.987393 0.114871 0.688528 0.739026 0.612950 0.033015 0.081491 0.542979 0.493504
0.225161 0.040890 0.231271 0.055746 0.571290 0.957556 0.677774 0.223820 0.494220 0.174186 0.004605 0.822023
0.208943 0.115785 0.578976 0.603540 0.025746 0.509186 0.710855 0.598448 0.013990 0.003587 0.612905 0.434811
0.828238 0.635395 0.011311 0.916408 0.099349 0.263381 0.179037 0.633512 0.477108 0.258465 0.552753 0.573939
0.870181 0.018242 0.161319 0.928750 0.256387 0.359076 0.247776 0.373299 0.498261 0.682511 0.671234 0.739367
0.510606 0.839237 0.567889 0.449055 0.736783 0.849769 0.412468 0.753384 0.235862 0.580085 0.247776 0.002796
0.139145 0.399896 0.275316 0.705712 0.568440 0.634608 0.697852 0.985559 0.519362 0.918441 0.863287 0.915279
0.243592 0.334589 0.520224 0.659807 0.629237 0.582219 0.064288 0.874040 0.443408 0.314375 0.646385 0.065581
0.788492 0.563386 0.746559 0.453722 0.028097 0.009734 0.167468 0.162136 0.897482 0.921309 0.526311 0.888282
0.928870 0.812447 0.096315 0.675589 0.234175 0.389282 0.043865 0.297458 0.442404 0.460756 0.365532 0.931187
0.460707 0.324085 0.408991 0.657350 0.691971 0.920327 0.230414 0.999393 0.970255 0.606405 0.170228 0.209976
0.697098 0.270306 0.295434 0.574704 0.969013 0.014363 0.525843 0.338697 0.713847 0.798708 0.026513 0.842500
0.948113 0.145278 0.315240 0.438819 0.815237 0.037654 0.206336 0.514558 0.564804 0.412875 0.214976 0.623697
0.845907 0.879689 0.676023 0.266880 0.103172 0.410607 0.936762 0.704927 0.955703 0.742397 0.888484 0.387498
0.038413 0.062970 0.495589 0.878935 0.999985 0.175158 0.315091 0.413333 0.077733 0.096046 0.551689 0.184492
0.918372 0.580417 0.044516 0.728932 0.854267 0.231115 0.511535 0.756195 0.871524 0.848536 0.046123 0.642713
0.376648 0.388525 0.332289 0.111782 0.733885 0.457216 0.753675 0.534906 0.835848 0.483154 0.745315 0.458090
0.910170 0.555338 0.740969 0.038951 0.858068 0.175056 0.550150 0.196285 0.445524 0.064768 0.327875 0.342950
0.228996 0.699725 0.443793 0.098542 0.008643 0.557250 0.143077 0.817834 0.225486 0.498022 0.771985 0.498065
0.344015 0.963907 0.904056 0.874049 0.754161 0.064644 0.488066 0.886763 0.007236 0.316148 0.761028 0.801661
0.200327 0.701950 0.988932 0.710388 0.491786 0.974791 0.855848 0.134231 0.750167 0.954626 0.959762 0.873735
0.468013 0.626156 0.124389 0.509005 0.361651 0.065029 0.696123 0.951931 0.499834 0.694960 0.372047 0.394580
0.756893 0.272309 0.630766 0.341287 0.815578 0.038064 0.390806 0.321685 0.503847 0.611554 0.297815 0.738541
0.775997 0.439161 0.009580 0.369952 0.767820 0.897101 0.830086 0.371032 0.727224 0.995493 0.614092 0.685204
0.643863 0.292483 0.106339 0.042039 0.108848 0.651370 0.170449 0.475888 0.639526 0.519602 0.688217 0.575697
0.588603 0.229730 0.458624 0.387421 0.046652 0.467024 0.803261 0.478985 0.701891 0.364055 0.855263 0.760508
0.192713 0.610164 0.581357 0.125665 0.858330 0.702622 0.130750 0.875462 0.349876 0.173675 0.940618 0.751717
0.444542 0.805991 0.137025 0.949870 0.097426 0.715757 0.513249 0.331135 0.450461 0.188796 0.553418 0.680523
0.749355 0.276960 0.503892 0.130007 0.926587 0.772216 0.676628 0.553351 0.292839 0.242616 0.190369 0.848168
0.890034 0.194687 0.776983 0.651469 0.302363 0.419116 0.301481 0.326428 0.489412 0.710478 0.797551 0.909616
0.477647 0.953366 0.383283 0.941116 0.794110 0.441990 0.718788 0.319050 0.771764 0.592605 0.150075 0.968842
0.426617 0.702169 0.842025 0.392761 0.789576 0.934043 0.987950 0.451145 0.225694 0.908171 0.519132 0.123872
0.134652 0.378089 0.766573 0.018161 0.952862 0.141578 0.671221 0.729810 0.661753 0.246762 0.219177 0.878454
0.755777 0.253238 0.685658 0.631089 0.146509 0.299856 0.495704 0.099017 0.409023 0.025835 0.960611 0.088093
0.855558 0.491306 0.276797 0.357441 0.171296 0.653313 0.937447 0.220680 0.106025 0.566504 0.286254 0.803865
0.716598 0.207316 0.188847 0.120164 0.911180 0.564792 0.221533 0.029400 0.704124 0.852879 0.200896 0.430234
0.150238 0.539879 0.962400 0.708704 0.896253 0.325019 0.043445 0.004130 0.744236 0.672279 0.367627 0.202978
0.329811 0.458801 0.113267 0.500792 0.541621 0.950766 0.356187 0.495877 0.526696 0.912561 0.083498 0.663929
0.653011 0.363053 0.938781 0.795672 0.477933 0.319528 0.298624 0.731065 0.575447 0.808207 0.850307 0.456916
0.642505 0.892524 0.088251 0.404606 0.764599 0.116117 0.018718 0.342136 0.225237 0.935929 0.760366 0.212885
0.665215 0.873619 0.142349 0.349521 0.301534 0.452446 0.325100 0.896007 0.782697 0.509057 0.028759 0.960542
0.495652 0.576084 0.445445 0.896599 0.894990 0.028431 0.621984 0.667926 0.257062 0.782419 0.480268 0.328891
0.008094 0.389600 0.527160 0.599332 0.742714 0.568012 0.247813 0.220033 0.857478 0.470837 0.663924 0.581204
0.420754 0.505671 0.571375 0.464917 0.953236 0.856465 0.081183 0.328815 0.591162 0.920529 0.014207 0.051312
0.615684 0.417649 0.518180 0.599989 0.793607 0.645106 0.075024 0.283009 0.836300 0.697066 0.794004 0.758575
0.223230 0.570990 0.548333 0.203025 0.383951 0.055620 0.350159 0.649774 0.237600 0.978156 0.320028 0.624638
0.916306 0.949879 0.786236 0.781314 0.150647 0.726962 0.900567 0.175008 0.396272 0.197517 0.542028 0.574668
0.716511 0.632072 0.824399 0.609162 0.669586 0.840354 0.295723 0.733555 0.398539 0.347940 0.317540 0.959438
0.448273 0.829315 0.529982 0.242007 0.815429 0.263757 0.519603 0.261336 0.140081 0.812486 0.564922 0.056594
0.297061 0.747605 0.863276 0.025474 0.841070 0.779241 0.658081 0.641531 0.557537 0.604144 0.904894 0.007671
0.093053 0.834130 0.671416 0.998518 0.112392 0.887431 0.018083 0.581811 0.294741 0.722892 0.091339 0.615943
0.517382 0.133361 0.492083 0.129417 0.905290 0.827152 0.183740 0.334884 0.478106 0.777898 0.109789 0.590156
0.355347 0.156028 0.545615 0.590952 0.536504 0.959074 0.261791 0.779349 0.295947 0.255533 0.911139 0.299090
0.758229 0.833499 0.766394 0.931506 0.213034 0.315377 0.831895 0.840359 0.968925 0.065861 0.298936 0.292248
0.140609 0.186275 0.369295 0.041519 0.557212 0.011156 0.280021 0.767243 0.402893 0.595070 0.220198 0.082829
0.857944 0.458883 0.490939 0.581314 0.268841 0.986004 0.379815 0.939203 0.962071 0.211468 0.502876 0.083660
0.951613 0.921034 0.765359 0.130649 0.071384 0.742103 0.799796 0.967366 0.597851 0.780690 0.285256 0.510393
0.771507 0.786640 0.543670 0.944676 0.622515 0.924931 0.586806 0.595675 0.919479 0.135934 0.763444 0.737763
0.657696 0.744646 0.265151 0.984048 0.211192 0.076132 0.299123 0.768336 0.271283 0.172648 0.656559 0.943106
0.121810 0.839612 0.189330 0.686074 0.406957 0.011119 0.706676 0.117420 0.146436 0.637410 0.176630 0.240784
0.169111 0.203978 0.836233 0.735863 0.980826 0.411170 0.614771 0.589125 0.549646 0.280326 0.508966 0.312545
0.295597 0.508281 0.663922 0.731310 0.083464 0.550228 0.755091 0.488549 0.460618 0.272123 0.760060 0.928301
0.187177 0.077618 0.652591 0.256633 0.585682 0.156154 0.054236 0.470492 0.599336 0.982936 0.087960 0.791174
0.591722 0.212547 0.092382 0.432613 0.996443 0.278174 0.542771 0.931040 0.181298 0.990260 0.463689 0.023083
0.055875 0.636301 0.011348 0.948368 0.844583 0.750137 0.869341 0.442441 0.216333 0.976667 0.539260 0.804680
0.889009 0.708678 0.369206 0.515533 0.061081 0.938315 0.552246 0.064636 0.513252 0.868068 0.884909 0.305456
0.083541 0.899741 0.155728 0.579676 0.932845 0.338121 0.586111 0.383953 0.915011 0.348496 0.080604 0.542602
0.866114 0.042881 0.903260 0.196141 0.555237 0.447352 0.920386 0.034806 0.806148 0.229007 0.117676 0.186907
0.375536 0.063990 0.941451 0.639750 0.477026 0.769676 0.614338 0.866653 0.148536 0.179793 0.643683 0.977353
0.862282 0.499985 0.660563 0.728059 0.477574 0.633809 0.376634 0.857572 0.096283 0.807439 0.715291 0.765730
0.498191 0.792520 0.146125 0.687478 0.891144 0.836576 0.517924 0.069387 0.306700 0.013410 0.936027 0.529922
0.497442 0.205744 0.087060 0.142258 0.707162 0.680263 0.659696 0.858983 0.178076 0.259070 0.345974 0.792959
0.170030 0.546739 0.727680 0.728625 0.414832 0.718635 0.509166 0.783879 0.235330 0.076797 0.638197 0.641768
0.937720 0.256746 0.120795 0.696670 0.487852 0.617303 0.510241 0.727577 0.131799 0.092849 0.047773 0.720856
0.402637 0.910464 0.000464 0.873620 0.259594 0.964577 0.508442 0.879570 0.981252 0.550027 0.844297 0.601312
0.266833 0.332719 0.569798 0.164943 0.639973 0.157030 0.441044 0.134780 0.810534 0.934214 0.107994 0.917144
0.163725 0.039216 0.633131 0.381081 0.918825 0.656712 0.250738 0.585131 0.738217 0.523650 0.045346 0.878555
0.448868 0.370231 0.529539 0.270366 0.254975 0.310532 0.650990 0.235784 0.808867 0.527389 0.475439 0.894767
0.743282 0.319300 0.405901 0.116413 0.856697 0.446177 0.490481 0.707515 0.036184 0.100820 0.816172 0.837996
0.025867 0.141142 0.328626 0.798737 0.149021 0.470360 0.738357 0.508732 0.544062 0.914340 0.060162 0.189142
0.490760 0.386241 0.041222 0.486794 0.833086 0.172055 0.217015 0.266335 0.495309 0.633492 0.987865 0.338891
0.731869 0.017046 0.791389 0.445030 0.897042 0.340181 0.865614 0.161612 0.012332 0.292306 0.054495 0.844139
0.008599 0.948023 0.419965 0.570996 0.218371 0.311179 0.568377 0.786762 0.218547 0.670214 0.097822 0.019763
0.718157 0.756430 0.648908 0.746948 0.484487 0.470119 0.174440 0.390607 0.267240 0.244247 0.042938 0.037014
